Codigo;Ubicacion;Fecha (AAAA-MM-DD);Hora (HHMM);Precipitacion (mm);Temperatura (oC);Humedad relativa (%);Radiacion (W/m2);Vel. viento (m/s);Dir. viento (o)
AV01;Nava de Arevalo;2001-01-04;0100;0.00;9.90;79.00;0.00;10.67;218.00
AV01;Nava de Arevalo;2001-01-04;0200;0.20;9.84;83.30;0.00;10.08;213.40
AV01;Nava de Arevalo;2001-01-04;0300;0.20;9.24;86.90;0.00;8.90;218.20
AV01;Nava de Arevalo;2001-01-04;0400;0.00;8.57;88.50;0.00;7.51;226.70
AV01;Nava de Arevalo;2001-01-04;0500;0.00;8.48;81.10;0.00;9.29;233.70
AV01;Nava de Arevalo;2001-01-04;0600;0.00;7.58;81.50;0.00;9.03;235.80
AV01;Nava de Arevalo;2001-01-04;0700;0.00;6.59;84.40;0.00;5.94;233.00
AV01;Nava de Arevalo;2001-01-04;0800;0.00;6.12;81.50;2.95;6.90;230.10
AV01;Nava de Arevalo;2001-01-04;0900;0.00;6.06;81.40;70.80;6.60;240.90
AV01;Nava de Arevalo;2001-01-04;1000;0.00;7.30;82.90;191.90;4.54;221.60
AV01;Nava de Arevalo;2001-01-04;1100;0.00;8.73;73.90;291.30;5.72;219.60
AV01;Nava de Arevalo;2001-01-04;1200;0.00;9.76;71.50;391.90;5.42;219.70
AV01;Nava de Arevalo;2001-01-04;1300;0.00;10.26;72.20;416.30;7.26;232.00
AV01;Nava de Arevalo;2001-01-04;1400;0.00;9.68;74.00;346.70;7.09;223.40
AV01;Nava de Arevalo;2001-01-04;1500;0.00;9.33;72.20;192.50;7.17;235.00
AV01;Nava de Arevalo;2001-01-04;1600;0.00;8.87;71.90;160.20;6.70;222.60
AV01;Nava de Arevalo;2001-01-04;1700;0.00;8.09;76.40;53.82;4.56;217.00
AV01;Nava de Arevalo;2001-01-04;1800;0.00;7.48;73.40;0.54;2.81;183.50
AV01;Nava de Arevalo;2001-01-04;1900;0.00;7.26;69.45;0.00;3.14;186.60
AV01;Nava de Arevalo;2001-01-04;2000;0.00;6.85;69.49;0.00;2.84;189.20
AV01;Nava de Arevalo;2001-01-04;2100;0.00;6.38;70.90;0.00;3.17;180.20
AV01;Nava de Arevalo;2001-01-04;2200;0.00;7.69;66.26;0.00;4.66;181.00
AV01;Nava de Arevalo;2001-01-04;2300;0.00;6.43;68.78;0.00;3.14;166.00
AV01;Nava de Arevalo;2001-01-04;2400;0.00;6.64;69.28;0.00;3.59;128.90
BU01;Miranda de Ebro;2001-01-04;0100;0.00;11.85;70.60;0.00;8.03;209.80
BU01;Miranda de Ebro;2001-01-04;0200;1.60;11.80;73.90;0.00;7.89;217.80
BU01;Miranda de Ebro;2001-01-04;0300;1.40;11.45;76.80;0.00;6.44;234.30
BU01;Miranda de Ebro;2001-01-04;0400;0.40;10.40;69.41;0.00;6.77;258.70
BU01;Miranda de Ebro;2001-01-04;0500;0.00;9.78;67.57;0.00;4.95;258.50
BU01;Miranda de Ebro;2001-01-04;0600;0.00;9.47;66.26;0.00;5.16;253.30
BU01;Miranda de Ebro;2001-01-04;0700;0.00;8.99;66.72;0.00;4.93;261.00
BU01;Miranda de Ebro;2001-01-04;0800;0.00;8.47;68.77;3.77;4.20;262.70
BU01;Miranda de Ebro;2001-01-04;0900;0.00;8.23;69.82;61.54;3.46;264.50
BU01;Miranda de Ebro;2001-01-04;1000;0.00;8.90;70.50;171.10;4.30;259.30
BU01;Miranda de Ebro;2001-01-04;1100;0.00;9.95;67.76;301.00;3.68;255.50
BU01;Miranda de Ebro;2001-01-04;1200;0.00;11.06;64.52;425.50;3.90;254.20
BU01;Miranda de Ebro;2001-01-04;1300;0.00;11.94;61.91;508.60;3.69;251.10
BU01;Miranda de Ebro;2001-01-04;1400;0.00;11.60;64.23;313.00;4.79;228.00
BU01;Miranda de Ebro;2001-01-04;1500;0.00;11.68;61.76;218.40;4.90;226.40
BU01;Miranda de Ebro;2001-01-04;1600;0.00;11.19;61.22;23.16;2.65;240.70
BU01;Miranda de Ebro;2001-01-04;1700;0.00;11.08;62.25;7.80;2.49;217.80
BU01;Miranda de Ebro;2001-01-04;1800;0.00;10.78;64.82;0.00;1.16;171.10
BU01;Miranda de Ebro;2001-01-04;1900;0.00;10.79;63.72;0.00;2.02;178.50
BU01;Miranda de Ebro;2001-01-04;2000;0.00;10.70;64.08;0.00;1.41;168.70
BU01;Miranda de Ebro;2001-01-04;2100;0.00;10.70;61.88;0.00;0.76;205.30
BU01;Miranda de Ebro;2001-01-04;2200;0.00;10.78;61.17;0.00;1.43;326.70
BU01;Miranda de Ebro;2001-01-04;2300;0.00;10.92;63.01;0.00;1.73;47.07
BU01;Miranda de Ebro;2001-01-04;2400;0.00;10.66;65.27;0.00;1.29;13.98
BU03;Lerma;2001-01-04;0100;0.00;8.41;87.60;0.00;4.50;201.30
BU03;Lerma;2001-01-04;0200;1.80;9.27;84.90;0.00;5.16;207.20
BU03;Lerma;2001-01-04;0300;0.60;8.72;84.70;0.00;5.36;236.30
BU03;Lerma;2001-01-04;0400;0.80;8.49;82.70;0.00;5.94;248.10
BU03;Lerma;2001-01-04;0500;0.00;6.80;81.00;0.00;4.77;249.90
BU03;Lerma;2001-01-04;0600;0.00;6.36;80.60;0.00;4.61;244.00
BU03;Lerma;2001-01-04;0700;0.00;5.59;82.20;0.00;3.21;233.60
BU03;Lerma;2001-01-04;0800;0.00;4.57;85.20;4.53;0.79;261.70
BU03;Lerma;2001-01-04;0900;0.00;5.10;84.70;68.86;2.48;232.40
BU03;Lerma;2001-01-04;1000;0.00;6.29;81.70;162.30;4.14;223.40
BU03;Lerma;2001-01-04;1100;0.00;7.34;80.00;274.80;3.84;218.50
BU03;Lerma;2001-01-04;1200;0.00;7.47;76.20;77.30;3.57;213.60
BU03;Lerma;2001-01-04;1300;0.00;7.96;73.80;162.30;3.57;225.30
BU03;Lerma;2001-01-04;1400;0.00;8.49;73.70;195.70;3.35;223.90
BU03;Lerma;2001-01-04;1500;0.00;8.77;70.70;130.30;4.03;224.60
BU03;Lerma;2001-01-04;1600;0.00;8.21;73.50;50.50;3.32;216.20
BU03;Lerma;2001-01-04;1700;0.00;7.56;78.30;27.25;1.66;198.30
BU03;Lerma;2001-01-04;1800;0.00;6.87;80.60;0.19;1.52;188.50
BU03;Lerma;2001-01-04;1900;0.00;6.67;81.80;0.00;2.16;177.40
BU03;Lerma;2001-01-04;2000;0.00;6.50;83.30;0.00;2.93;176.80
BU03;Lerma;2001-01-04;2100;0.00;6.59;79.70;0.00;2.88;183.80
BU03;Lerma;2001-01-04;2200;0.00;6.62;81.00;0.00;2.65;177.60
BU03;Lerma;2001-01-04;2300;0.00;6.97;79.20;0.00;3.60;180.40
BU03;Lerma;2001-01-04;2400;0.00;6.92;74.30;0.00;4.31;185.90
BU04;Tardajos;2001-01-04;0100;0.00;8.29;89.10;0.00;6.86;235.80
BU04;Tardajos;2001-01-04;0200;2.60;8.47;90.50;0.00;7.58;239.30
BU04;Tardajos;2001-01-04;0300;0.80;8.65;82.40;0.00;11.44;260.60
BU04;Tardajos;2001-01-04;0400;0.00;6.87;81.60;0.00;7.91;265.60
BU04;Tardajos;2001-01-04;0500;0.00;6.12;83.70;0.00;5.54;266.10
BU04;Tardajos;2001-01-04;0600;0.00;5.56;83.40;0.00;4.93;262.20
BU04;Tardajos;2001-01-04;0700;0.00;5.14;83.30;0.00;5.88;260.90
BU04;Tardajos;2001-01-04;0800;0.00;4.84;86.30;2.88;5.93;261.90
BU04;Tardajos;2001-01-04;0900;0.00;5.16;86.30;53.81;7.20;253.70
BU04;Tardajos;2001-01-04;1000;0.00;5.89;84.70;129.10;6.13;251.60
BU04;Tardajos;2001-01-04;1100;0.00;6.50;82.60;113.90;5.78;248.90
BU04;Tardajos;2001-01-04;1200;0.00;7.31;79.10;182.60;7.34;252.90
BU04;Tardajos;2001-01-04;1300;0.00;7.62;77.90;160.20;7.13;248.40
BU04;Tardajos;2001-01-04;1400;0.00;7.67;76.60;68.45;7.28;251.50
BU04;Tardajos;2001-01-04;1500;0.00;7.64;77.70;52.75;5.95;244.60
BU04;Tardajos;2001-01-04;1600;0.00;7.64;77.70;35.05;5.81;240.20
BU04;Tardajos;2001-01-04;1700;0.00;7.40;79.40;24.30;5.03;231.30
BU04;Tardajos;2001-01-04;1800;0.00;6.92;80.80;0.13;3.34;233.00
BU04;Tardajos;2001-01-04;1900;0.00;6.54;82.70;0.00;1.59;218.80
BU04;Tardajos;2001-01-04;2000;0.00;6.01;83.80;0.00;3.38;230.70
BU04;Tardajos;2001-01-04;2100;0.00;5.90;85.80;0.00;5.14;235.30
BU04;Tardajos;2001-01-04;2200;0.00;6.12;85.60;0.00;4.75;224.20
BU04;Tardajos;2001-01-04;2300;0.00;6.46;86.00;0.00;4.65;228.70
BU04;Tardajos;2001-01-04;2400;0.00;6.75;84.30;0.00;5.38;230.70
BU05;Vadocondes;2001-01-04;0100;0.20;9.48;78.40;0.00;6.76;232.20
BU05;Vadocondes;2001-01-04;0200;0.60;9.47;79.60;0.00;5.77;239.70
BU05;Vadocondes;2001-01-04;0300;0.00;10.15;79.30;0.00;9.02;239.60
BU05;Vadocondes;2001-01-04;0400;0.20;9.79;81.30;0.00;8.30;249.90
BU05;Vadocondes;2001-01-04;0500;2.00;6.44;87.30;0.00;8.09;267.00
BU05;Vadocondes;2001-01-04;0600;0.00;6.76;83.20;0.00;6.66;262.70
BU05;Vadocondes;2001-01-04;0700;0.00;6.08;84.70;0.00;5.48;256.70
BU05;Vadocondes;2001-01-04;0800;0.00;5.71;84.70;4.04;5.22;244.30
BU05;Vadocondes;2001-01-04;0900;0.00;5.87;86.10;64.64;4.31;239.90
BU05;Vadocondes;2001-01-04;1000;0.00;7.01;83.30;194.00;4.60;241.00
BU05;Vadocondes;2001-01-04;1100;0.00;8.00;78.40;273.90;5.71;249.70
BU05;Vadocondes;2001-01-04;1200;0.00;8.67;74.70;297.30;6.15;255.70
BU05;Vadocondes;2001-01-04;1300;0.00;8.66;75.10;140.70;5.21;253.20
BU05;Vadocondes;2001-01-04;1400;0.00;8.99;71.20;170.30;5.22;248.80
BU05;Vadocondes;2001-01-04;1500;0.00;9.32;71.40;177.90;4.07;262.90
BU05;Vadocondes;2001-01-04;1600;0.00;8.86;75.80;73.70;2.52;267.20
BU05;Vadocondes;2001-01-04;1700;0.00;8.36;80.30;31.79;1.69;253.60
BU05;Vadocondes;2001-01-04;1800;0.00;7.65;80.80;0.19;2.37;235.00
BU05;Vadocondes;2001-01-04;1900;0.00;6.25;85.60;0.00;0.74;230.30
BU05;Vadocondes;2001-01-04;2000;0.00;4.99;86.90;0.00;0.52;147.20
BU05;Vadocondes;2001-01-04;2100;0.00;4.76;84.30;0.00;1.12;195.80
BU05;Vadocondes;2001-01-04;2200;0.00;5.11;81.60;0.00;1.27;260.40
BU05;Vadocondes;2001-01-04;2300;0.00;3.71;87.60;0.00;0.68;145.30
BU05;Vadocondes;2001-01-04;2400;0.00;2.95;92.90;0.00;0.43;20.59
LE01;Carracedelo;2001-01-04;0100;0.20;11.47;67.67;0.00;4.42;248.20
LE01;Carracedelo;2001-01-04;0200;0.00;10.20;66.09;0.00;4.14;243.80
LE01;Carracedelo;2001-01-04;0300;0.00;10.24;59.51;0.00;3.93;243.10
LE01;Carracedelo;2001-01-04;0400;0.00;9.86;64.22;0.00;4.17;241.70
LE01;Carracedelo;2001-01-04;0500;0.00;9.61;62.23;0.00;3.57;248.70
LE01;Carracedelo;2001-01-04;0600;0.00;8.42;74.40;0.00;2.55;211.80
LE01;Carracedelo;2001-01-04;0700;0.00;8.26;71.80;0.00;2.08;195.30
LE01;Carracedelo;2001-01-04;0800;0.00;8.50;70.50;0.40;1.86;183.60
LE01;Carracedelo;2001-01-04;0900;0.00;9.27;68.48;23.30;2.38;198.20
LE01;Carracedelo;2001-01-04;1000;0.00;10.16;66.21;130.00;3.14;203.00
LE01;Carracedelo;2001-01-04;1100;0.00;11.02;63.04;224.30;3.64;221.60
LE01;Carracedelo;2001-01-04;1200;0.00;11.45;60.11;192.40;4.15;230.50
LE01;Carracedelo;2001-01-04;1300;0.00;12.19;56.80;263.80;4.19;228.40
LE01;Carracedelo;2001-01-04;1400;0.00;12.34;57.46;200.70;4.97;220.90
LE01;Carracedelo;2001-01-04;1500;0.00;12.51;56.94;199.50;4.18;227.40
LE01;Carracedelo;2001-01-04;1600;0.00;12.37;56.63;101.40;3.09;229.60
LE01;Carracedelo;2001-01-04;1700;0.00;11.96;56.03;34.96;3.35;222.80
LE01;Carracedelo;2001-01-04;1800;0.00;11.50;58.06;0.46;2.58;214.80
LE01;Carracedelo;2001-01-04;1900;0.00;11.42;59.30;0.00;2.56;200.90
LE01;Carracedelo;2001-01-04;2000;0.00;11.56;56.93;0.00;2.40;201.20
LE01;Carracedelo;2001-01-04;2100;0.00;11.58;55.74;0.00;2.80;200.30
LE01;Carracedelo;2001-01-04;2200;0.00;12.18;58.20;0.00;2.81;206.10
LE01;Carracedelo;2001-01-04;2300;0.00;12.59;62.47;0.00;2.56;218.00
LE01;Carracedelo;2001-01-04;2400;0.00;13.02;65.29;0.00;2.77;247.50
LE02;Mansilla mayor;2001-01-04;0100;1.00;8.42;92.10;0.00;4.07;182.90
LE02;Mansilla mayor;2001-01-04;0200;0.40;7.61;82.40;0.00;6.01;226.30
LE02;Mansilla mayor;2001-01-04;0300;0.00;6.24;83.90;0.00;3.75;227.10
LE02;Mansilla mayor;2001-01-04;0400;0.00;6.06;76.90;0.00;3.91;227.20
LE02;Mansilla mayor;2001-01-04;0500;0.00;5.48;78.90;0.00;3.87;219.80
LE02;Mansilla mayor;2001-01-04;0600;0.00;5.20;77.60;0.00;3.12;225.80
LE02;Mansilla mayor;2001-01-04;0700;0.00;4.93;81.20;0.00;2.43;238.50
LE02;Mansilla mayor;2001-01-04;0800;0.00;4.20;82.40;2.06;1.44;227.60
LE02;Mansilla mayor;2001-01-04;0900;0.00;3.28;89.40;50.72;1.24;167.50
LE02;Mansilla mayor;2001-01-04;1000;0.00;5.24;86.60;168.90;1.63;190.20
LE02;Mansilla mayor;2001-01-04;1100;0.00;7.64;78.60;319.70;2.88;186.20
LE02;Mansilla mayor;2001-01-04;1200;0.00;9.16;72.70;362.50;3.11;188.60
LE02;Mansilla mayor;2001-01-04;1300;0.00;9.86;68.66;358.00;3.70;195.00
LE02;Mansilla mayor;2001-01-04;1400;0.00;10.37;67.43;404.20;4.15;195.00
LE02;Mansilla mayor;2001-01-04;1500;0.00;8.99;73.30;154.40;4.09;187.40
LE02;Mansilla mayor;2001-01-04;1600;0.00;8.70;75.40;111.10;3.78;186.80
LE02;Mansilla mayor;2001-01-04;1700;0.00;8.06;77.70;28.49;3.64;178.90
LE02;Mansilla mayor;2001-01-04;1800;0.00;7.48;80.00;0.28;3.70;168.60
LE02;Mansilla mayor;2001-01-04;1900;0.00;7.01;81.70;0.00;3.91;166.80
LE02;Mansilla mayor;2001-01-04;2000;0.00;6.78;83.70;0.00;4.14;165.30
LE02;Mansilla mayor;2001-01-04;2100;0.00;6.92;84.00;0.00;3.62;159.00
LE02;Mansilla mayor;2001-01-04;2200;0.00;7.08;86.40;0.00;4.46;147.80
LE02;Mansilla mayor;2001-01-04;2300;0.00;7.21;87.60;0.00;3.56;149.30
LE02;Mansilla mayor;2001-01-04;2400;0.00;7.31;87.80;0.00;3.65;142.50
LE03;Cubillas de los Oteros;2001-01-04;0100;0.20;8.83;87.70;0.00;4.49;221.90
LE03;Cubillas de los Oteros;2001-01-04;0200;1.80;7.95;82.20;0.00;5.41;250.30
LE03;Cubillas de los Oteros;2001-01-04;0300;0.00;7.12;79.50;0.00;3.38;251.20
LE03;Cubillas de los Oteros;2001-01-04;0400;0.00;6.61;75.40;0.00;4.42;250.60
LE03;Cubillas de los Oteros;2001-01-04;0500;0.00;5.75;76.10;0.00;3.33;242.50
LE03;Cubillas de los Oteros;2001-01-04;0600;0.00;5.10;77.90;0.00;2.69;247.20
LE03;Cubillas de los Oteros;2001-01-04;0700;0.00;4.58;81.20;0.00;2.74;246.10
LE03;Cubillas de los Oteros;2001-01-04;0800;0.00;3.67;87.30;1.95;2.16;225.40
LE03;Cubillas de los Oteros;2001-01-04;0900;0.00;4.00;89.40;52.88;2.06;224.70
LE03;Cubillas de los Oteros;2001-01-04;1000;0.00;5.89;83.60;157.90;2.19;216.90
LE03;Cubillas de los Oteros;2001-01-04;1100;0.00;7.96;74.10;295.70;3.59;219.40
LE03;Cubillas de los Oteros;2001-01-04;1200;0.00;9.33;70.00;394.50;4.65;221.10
LE03;Cubillas de los Oteros;2001-01-04;1300;0.00;9.75;64.70;336.50;5.22;221.20
LE03;Cubillas de los Oteros;2001-01-04;1400;0.00;9.75;66.05;267.90;5.27;215.80
LE03;Cubillas de los Oteros;2001-01-04;1500;0.00;8.94;72.10;118.30;4.78;202.70
LE03;Cubillas de los Oteros;2001-01-04;1600;0.00;9.30;71.00;149.20;4.58;211.00
LE03;Cubillas de los Oteros;2001-01-04;1700;0.00;8.52;74.20;30.64;3.61;207.10
LE03;Cubillas de los Oteros;2001-01-04;1800;0.00;7.69;77.70;0.18;3.32;202.20
LE03;Cubillas de los Oteros;2001-01-04;1900;0.00;7.13;79.90;0.00;4.11;201.80
LE03;Cubillas de los Oteros;2001-01-04;2000;0.00;7.06;81.00;0.00;4.51;195.70
LE03;Cubillas de los Oteros;2001-01-04;2100;0.00;7.34;80.70;0.00;5.13;191.20
LE03;Cubillas de los Oteros;2001-01-04;2200;0.00;7.30;84.90;0.00;4.00;140.20
LE03;Cubillas de los Oteros;2001-01-04;2300;0.00;7.48;85.00;0.00;3.93;167.00
LE03;Cubillas de los Oteros;2001-01-04;2400;0.00;7.69;84.90;0.00;4.47;156.10
LE04;Zotes del Paramo;2001-01-04;0100;0.00;9.05;84.50;0.00;5.07;255.10
LE04;Zotes del Paramo;2001-01-04;0200;1.40;7.74;83.70;0.00;5.05;282.30
LE04;Zotes del Paramo;2001-01-04;0300;0.00;6.46;79.00;0.00;2.70;262.90
LE04;Zotes del Paramo;2001-01-04;0400;0.00;5.66;79.20;0.00;2.89;261.00
LE04;Zotes del Paramo;2001-01-04;0500;0.00;5.11;81.00;0.00;3.21;255.90
LE04;Zotes del Paramo;2001-01-04;0600;0.00;4.95;79.90;0.00;2.92;263.50
LE04;Zotes del Paramo;2001-01-04;0700;0.00;5.01;81.80;0.00;2.92;255.20
LE04;Zotes del Paramo;2001-01-04;0800;0.00;4.89;83.40;1.87;2.53;257.10
LE04;Zotes del Paramo;2001-01-04;0900;0.00;5.23;82.70;59.38;3.53;245.10
LE04;Zotes del Paramo;2001-01-04;1000;0.00;6.19;79.70;191.80;3.99;247.20
LE04;Zotes del Paramo;2001-01-04;1100;0.00;7.63;75.80;299.10;4.29;244.60
LE04;Zotes del Paramo;2001-01-04;1200;0.00;8.79;70.30;414.30;5.59;251.50
LE04;Zotes del Paramo;2001-01-04;1300;0.00;8.71;68.75;237.00;5.50;248.40
LE04;Zotes del Paramo;2001-01-04;1400;0.00;8.99;70.20;225.90;6.04;244.20
LE04;Zotes del Paramo;2001-01-04;1500;0.00;8.78;73.00;170.70;5.82;245.70
LE04;Zotes del Paramo;2001-01-04;1600;0.00;9.07;72.20;159.90;5.11;246.00
LE04;Zotes del Paramo;2001-01-04;1700;0.00;8.38;74.60;28.78;4.08;235.10
LE04;Zotes del Paramo;2001-01-04;1800;0.00;7.67;77.80;0.44;4.47;225.40
LE04;Zotes del Paramo;2001-01-04;1900;0.00;7.19;80.10;0.00;4.83;216.60
LE04;Zotes del Paramo;2001-01-04;2000;0.00;7.15;81.80;0.00;3.80;212.30
LE04;Zotes del Paramo;2001-01-04;2100;0.00;7.44;81.50;0.00;5.17;221.90
LE04;Zotes del Paramo;2001-01-04;2200;0.00;7.57;83.00;0.00;4.65;226.10
LE04;Zotes del Paramo;2001-01-04;2300;0.00;7.69;82.30;0.00;7.08;223.30
LE04;Zotes del Paramo;2001-01-04;2400;0.00;7.74;84.10;0.00;4.32;207.40
LE05;Quintana del Marco;2001-01-04;0100;0.00;9.38;83.80;0.00;6.48;232.20
LE05;Quintana del Marco;2001-01-04;0200;1.20;8.38;81.90;0.00;5.50;260.30
LE05;Quintana del Marco;2001-01-04;0300;0.00;7.35;72.80;0.00;4.93;253.80
LE05;Quintana del Marco;2001-01-04;0400;0.00;6.77;72.40;0.00;4.70;251.00
LE05;Quintana del Marco;2001-01-04;0500;0.00;6.05;76.70;0.00;3.74;250.50
LE05;Quintana del Marco;2001-01-04;0600;0.00;5.74;76.20;0.00;3.87;239.70
LE05;Quintana del Marco;2001-01-04;0700;0.00;5.52;81.20;0.00;4.32;230.00
LE05;Quintana del Marco;2001-01-04;0800;0.00;5.68;80.10;1.75;4.76;236.60
LE05;Quintana del Marco;2001-01-04;0900;0.00;5.71;81.80;44.75;2.53;222.90
LE05;Quintana del Marco;2001-01-04;1000;0.00;6.51;77.00;98.10;2.47;210.10
LE05;Quintana del Marco;2001-01-04;1100;0.00;8.09;75.10;244.10;4.16;219.50
LE05;Quintana del Marco;2001-01-04;1200;0.00;8.80;70.80;222.00;6.64;232.30
LE05;Quintana del Marco;2001-01-04;1300;0.20;9.60;68.52;405.50;6.83;233.80
LE05;Quintana del Marco;2001-01-04;1400;0.00;9.95;70.10;432.40;6.63;225.00
LE05;Quintana del Marco;2001-01-04;1500;0.00;9.26;73.00;174.60;6.93;215.50
LE05;Quintana del Marco;2001-01-04;1600;0.00;9.33;72.80;124.10;4.81;223.60
LE05;Quintana del Marco;2001-01-04;1700;0.00;8.76;73.80;29.78;2.61;205.70
LE05;Quintana del Marco;2001-01-04;1800;0.00;8.25;75.60;0.26;2.40;179.30
LE05;Quintana del Marco;2001-01-04;1900;0.00;7.89;77.20;0.00;2.81;182.00
LE05;Quintana del Marco;2001-01-04;2000;0.00;7.94;79.00;0.00;2.22;184.20
LE05;Quintana del Marco;2001-01-04;2100;0.00;8.02;79.60;0.00;2.81;188.90
LE05;Quintana del Marco;2001-01-04;2200;0.00;7.81;82.40;0.00;4.48;195.70
LE05;Quintana del Marco;2001-01-04;2300;0.00;7.99;81.60;0.00;3.53;198.00
LE05;Quintana del Marco;2001-01-04;2400;0.00;8.65;80.90;0.00;5.72;201.30
LE06;Hospital de Orbigo;2001-01-04;0100;0.80;8.34;82.20;0.00;6.06;229.40
LE06;Hospital de Orbigo;2001-01-04;0200;0.20;7.40;76.10;0.00;7.81;267.40
LE06;Hospital de Orbigo;2001-01-04;0300;0.20;7.09;72.60;0.00;7.83;265.00
LE06;Hospital de Orbigo;2001-01-04;0400;0.00;6.58;69.22;0.00;7.20;271.40
LE06;Hospital de Orbigo;2001-01-04;0500;0.00;6.49;67.25;0.00;6.26;263.10
LE06;Hospital de Orbigo;2001-01-04;0600;0.00;5.50;76.00;0.00;4.19;248.70
LE06;Hospital de Orbigo;2001-01-04;0700;0.00;4.32;80.90;0.00;1.99;221.70
LE06;Hospital de Orbigo;2001-01-04;0800;0.00;3.33;81.50;1.77;0.93;207.40
LE06;Hospital de Orbigo;2001-01-04;0900;0.00;2.45;85.90;54.79;0.89;283.60
LE06;Hospital de Orbigo;2001-01-04;1000;0.00;5.06;79.40;174.60;0.99;206.40
LE06;Hospital de Orbigo;2001-01-04;1100;0.00;7.57;72.80;281.40;2.02;171.70
LE06;Hospital de Orbigo;2001-01-04;1200;0.00;9.13;69.19;392.10;2.24;191.20
LE06;Hospital de Orbigo;2001-01-04;1300;0.00;10.24;62.33;379.90;3.18;211.30
LE06;Hospital de Orbigo;2001-01-04;1400;0.00;9.88;63.13;274.90;4.05;214.20
LE06;Hospital de Orbigo;2001-01-04;1500;0.00;9.02;69.09;156.50;4.73;211.00
LE06;Hospital de Orbigo;2001-01-04;1600;0.00;9.14;65.74;119.60;5.44;216.10
LE06;Hospital de Orbigo;2001-01-04;1700;0.00;7.86;74.60;30.00;5.49;192.60
LE06;Hospital de Orbigo;2001-01-04;1800;0.00;7.54;76.30;0.38;5.15;193.00
LE06;Hospital de Orbigo;2001-01-04;1900;0.00;7.02;81.10;0.00;5.21;181.40
LE06;Hospital de Orbigo;2001-01-04;2000;0.00;6.71;82.50;0.00;5.81;184.70
LE06;Hospital de Orbigo;2001-01-04;2100;0.00;7.14;81.60;0.00;6.52;180.30
LE06;Hospital de Orbigo;2001-01-04;2200;0.00;7.24;81.10;0.00;4.35;171.40
LE06;Hospital de Orbigo;2001-01-04;2300;0.00;7.53;80.80;0.00;5.03;184.60
LE06;Hospital de Orbigo;2001-01-04;2400;0.00;7.92;81.60;0.00;4.10;180.60
LE07;Bustillo del Paramo;2001-01-04;0100;0.40;8.07;87.20;0.00;6.07;214.80
LE07;Bustillo del Paramo;2001-01-04;0200;0.60;7.00;78.70;0.00;8.82;251.50
LE07;Bustillo del Paramo;2001-01-04;0300;0.00;6.32;79.30;0.02;6.12;239.90
LE07;Bustillo del Paramo;2001-01-04;0400;0.00;5.97;72.70;0.04;7.47;254.50
LE07;Bustillo del Paramo;2001-01-04;0500;0.00;5.66;72.50;0.01;6.18;248.80
LE07;Bustillo del Paramo;2001-01-04;0600;0.00;5.28;76.00;0.00;4.92;240.20
LE07;Bustillo del Paramo;2001-01-04;0700;0.00;3.78;84.80;0.00;2.21;215.70
LE07;Bustillo del Paramo;2001-01-04;0800;0.00;2.78;85.20;2.06;2.19;222.80
LE07;Bustillo del Paramo;2001-01-04;0900;0.00;3.31;82.00;48.65;1.91;229.00
LE07;Bustillo del Paramo;2001-01-04;1000;0.00;5.03;83.50;155.40;1.64;165.60
LE07;Bustillo del Paramo;2001-01-04;1100;0.00;7.34;77.20;285.10;2.57;170.40
LE07;Bustillo del Paramo;2001-01-04;1200;0.00;8.60;74.30;355.30;3.00;201.50
LE07;Bustillo del Paramo;2001-01-04;1300;0.00;9.34;69.85;302.00;3.23;189.60
LE07;Bustillo del Paramo;2001-01-04;1400;0.00;9.46;70.50;275.80;3.49;182.50
LE07;Bustillo del Paramo;2001-01-04;1500;0.00;8.59;73.80;172.90;3.95;192.90
LE07;Bustillo del Paramo;2001-01-04;1600;0.00;8.65;72.20;149.60;5.05;191.00
LE07;Bustillo del Paramo;2001-01-04;1700;0.00;7.51;76.50;30.79;5.71;196.10
LE07;Bustillo del Paramo;2001-01-04;1800;0.00;7.12;78.30;0.25;3.75;169.70
LE07;Bustillo del Paramo;2001-01-04;1900;0.00;6.77;82.30;0.00;3.35;165.80
LE07;Bustillo del Paramo;2001-01-04;2000;0.00;6.30;84.30;0.02;2.83;137.20
LE07;Bustillo del Paramo;2001-01-04;2100;0.00;6.73;83.60;0.02;3.92;173.30
LE07;Bustillo del Paramo;2001-01-04;2200;0.00;6.85;83.60;0.01;5.61;182.40
LE07;Bustillo del Paramo;2001-01-04;2300;0.00;6.97;84.40;0.01;4.20;172.90
LE07;Bustillo del Paramo;2001-01-04;2400;0.00;7.25;84.70;0.00;4.62;172.20
LE08;Sahagun;2001-01-04;0100;0.40;8.22;92.40;0.00;3.81;218.90
LE08;Sahagun;2001-01-04;0200;1.40;7.97;88.60;0.00;4.31;247.00
LE08;Sahagun;2001-01-04;0300;0.00;6.78;81.40;0.00;4.54;293.90
LE08;Sahagun;2001-01-04;0400;0.00;6.78;76.30;0.00;4.15;295.90
LE08;Sahagun;2001-01-04;0500;0.00;5.78;78.20;0.00;2.53;287.10
LE08;Sahagun;2001-01-04;0600;0.00;4.56;84.50;0.00;1.12;281.50
LE08;Sahagun;2001-01-04;0700;0.00;4.46;83.10;0.00;1.43;281.60
LE08;Sahagun;2001-01-04;0800;0.00;4.01;85.20;2.30;1.73;266.20
LE08;Sahagun;2001-01-04;0900;0.00;4.14;88.70;48.81;1.11;243.90
LE08;Sahagun;2001-01-04;1000;0.00;4.95;87.60;123.60;1.64;205.60
LE08;Sahagun;2001-01-04;1100;0.00;6.52;81.90;250.20;2.11;227.30
LE08;Sahagun;2001-01-04;1200;0.00;7.23;79.60;217.40;3.19;224.50
LE08;Sahagun;2001-01-04;1300;0.00;7.96;75.20;246.80;2.86;225.60
LE08;Sahagun;2001-01-04;1400;0.00;8.94;70.50;374.80;3.56;221.60
LE08;Sahagun;2001-01-04;1500;0.00;8.37;73.50;139.10;3.34;219.00
LE08;Sahagun;2001-01-04;1600;0.00;8.58;74.20;131.70;2.01;219.70
LE08;Sahagun;2001-01-04;1700;0.00;7.94;79.70;13.26;2.83;202.00
LE08;Sahagun;2001-01-04;1800;0.00;7.33;80.00;0.15;3.22;215.50
LE08;Sahagun;2001-01-04;1900;0.00;6.77;81.60;0.00;4.02;216.00
LE08;Sahagun;2001-01-04;2000;0.00;6.54;82.40;0.00;3.74;212.70
LE08;Sahagun;2001-01-04;2100;0.00;6.35;84.80;0.00;3.92;211.30
LE08;Sahagun;2001-01-04;2200;0.00;6.55;86.80;0.00;3.55;202.00
LE08;Sahagun;2001-01-04;2300;0.00;6.40;89.30;0.00;2.76;161.90
LE08;Sahagun;2001-01-04;2400;0.00;6.43;88.00;0.00;3.02;152.20
LE09;Santas Martas;2001-01-04;0100;0.20;8.21;89.90;0.00;7.50;216.00
LE09;Santas Martas;2001-01-04;0200;2.40;7.35;86.20;0.00;9.30;246.80
LE09;Santas Martas;2001-01-04;0300;0.00;6.41;82.30;0.00;7.41;249.90
LE09;Santas Martas;2001-01-04;0400;0.00;6.02;78.30;0.00;6.74;246.80
LE09;Santas Martas;2001-01-04;0500;0.00;4.94;82.10;0.00;4.96;230.50
LE09;Santas Martas;2001-01-04;0600;0.00;4.23;84.10;0.00;3.72;232.90
LE09;Santas Martas;2001-01-04;0700;0.00;3.15;88.30;0.00;2.11;228.90
LE09;Santas Martas;2001-01-04;0800;0.00;2.83;88.50;2.15;1.93;223.40
LE09;Santas Martas;2001-01-04;0900;0.00;3.47;91.00;52.22;2.12;234.20
LE09;Santas Martas;2001-01-04;1000;0.00;4.82;88.10;158.10;3.28;233.00
LE09;Santas Martas;2001-01-04;1100;0.00;6.56;82.60;285.60;4.85;220.70
LE09;Santas Martas;2001-01-04;1200;0.00;7.64;80.20;342.70;6.78;221.60
LE09;Santas Martas;2001-01-04;1300;0.00;8.65;74.20;442.00;8.36;223.40
LE09;Santas Martas;2001-01-04;1400;0.00;8.95;74.00;384.90;7.62;217.20
LE09;Santas Martas;2001-01-04;1500;0.00;8.12;77.80;152.50;6.92;209.90
LE09;Santas Martas;2001-01-04;1600;0.00;8.13;78.30;121.20;6.27;213.00
LE09;Santas Martas;2001-01-04;1700;0.00;7.46;82.10;26.41;5.34;195.70
LE09;Santas Martas;2001-01-04;1800;0.00;7.16;81.30;0.18;3.77;187.00
LE09;Santas Martas;2001-01-04;1900;0.00;6.42;84.30;0.00;4.19;185.50
LE09;Santas Martas;2001-01-04;2000;0.00;6.18;84.50;0.00;4.14;185.40
LE09;Santas Martas;2001-01-04;2100;0.00;6.02;87.20;0.00;4.52;190.90
LE09;Santas Martas;2001-01-04;2200;0.00;6.41;88.40;0.00;7.30;183.60
LE09;Santas Martas;2001-01-04;2300;0.00;6.54;89.10;0.00;7.32;188.10
LE09;Santas Martas;2001-01-04;2400;0.00;6.85;88.80;0.00;7.68;183.10
P01;Torquemada;2001-01-04;0100;0.20;9.22;86.50;0.00;6.34;223.00
P01;Torquemada;2001-01-04;0200;1.20;9.33;85.90;0.00;8.28;232.80
P01;Torquemada;2001-01-04;0300;0.20;9.61;80.40;0.00;8.01;250.20
P01;Torquemada;2001-01-04;0400;1.40;7.86;81.80;0.00;7.04;250.80
P01;Torquemada;2001-01-04;0500;0.00;7.39;78.00;0.00;6.44;252.40
P01;Torquemada;2001-01-04;0600;0.00;6.68;80.10;0.00;5.53;247.80
P01;Torquemada;2001-01-04;0700;0.00;6.08;81.20;0.00;6.27;245.40
P01;Torquemada;2001-01-04;0800;0.00;5.83;82.50;3.44;5.37;246.80
P01;Torquemada;2001-01-04;0900;0.00;5.82;83.10;64.24;5.93;234.20
P01;Torquemada;2001-01-04;1000;0.00;6.45;84.10;161.80;7.28;231.40
P01;Torquemada;2001-01-04;1100;0.00;7.73;80.90;300.40;7.44;241.00
P01;Torquemada;2001-01-04;1200;0.00;8.44;77.10;288.30;7.74;241.50
P01;Torquemada;2001-01-04;1300;0.00;8.89;74.00;230.40;6.90;241.90
P01;Torquemada;2001-01-04;1400;0.00;8.84;73.10;122.00;5.89;248.40
P01;Torquemada;2001-01-04;1500;0.00;8.96;72.60;98.20;6.12;238.20
P01;Torquemada;2001-01-04;1600;0.00;8.60;76.20;53.92;5.04;229.00
P01;Torquemada;2001-01-04;1700;0.00;8.17;77.10;21.06;3.98;223.10
P01;Torquemada;2001-01-04;1800;0.00;6.85;82.70;0.19;2.09;231.70
P01;Torquemada;2001-01-04;1900;0.00;6.57;82.50;0.00;2.17;232.40
P01;Torquemada;2001-01-04;2000;0.00;6.34;84.20;0.00;2.44;237.90
P01;Torquemada;2001-01-04;2100;0.00;6.65;84.60;0.00;3.67;233.80
P01;Torquemada;2001-01-04;2200;0.00;6.72;85.90;0.00;4.00;228.80
P01;Torquemada;2001-01-04;2300;0.00;7.38;84.00;0.00;4.58;226.00
P01;Torquemada;2001-01-04;2400;0.00;8.07;78.80;0.00;4.50;215.50
P02;Villamuriel de Cerrato;2001-01-04;0100;0.00;8.88;89.90;0.00;5.24;224.90
P02;Villamuriel de Cerrato;2001-01-04;0200;1.40;9.49;86.30;0.00;6.28;254.10
P02;Villamuriel de Cerrato;2001-01-04;0300;0.00;9.96;80.20;0.00;6.94;270.20
P02;Villamuriel de Cerrato;2001-01-04;0400;0.20;7.85;81.90;0.00;6.32;274.90
P02;Villamuriel de Cerrato;2001-01-04;0500;0.00;7.30;81.70;0.00;4.35;269.20
P02;Villamuriel de Cerrato;2001-01-04;0600;0.00;6.73;82.20;0.00;4.79;264.70
P02;Villamuriel de Cerrato;2001-01-04;0700;0.00;6.67;79.40;0.00;5.37;267.60
P02;Villamuriel de Cerrato;2001-01-04;0800;0.00;6.24;81.40;3.19;4.80;260.80
P02;Villamuriel de Cerrato;2001-01-04;0900;0.00;6.39;80.70;63.07;4.45;253.60
P02;Villamuriel de Cerrato;2001-01-04;1000;0.00;6.64;84.00;164.30;2.59;216.30
P02;Villamuriel de Cerrato;2001-01-04;1100;0.00;7.82;79.90;222.70;4.10;247.90
P02;Villamuriel de Cerrato;2001-01-04;1200;0.00;8.82;74.50;273.70;4.99;252.00
P02;Villamuriel de Cerrato;2001-01-04;1300;0.00;9.30;72.20;259.10;4.98;256.70
P02;Villamuriel de Cerrato;2001-01-04;1400;0.00;9.62;70.10;240.70;5.41;256.50
P02;Villamuriel de Cerrato;2001-01-04;1500;0.00;9.57;70.70;143.20;4.87;250.50
P02;Villamuriel de Cerrato;2001-01-04;1600;0.00;9.21;72.50;49.83;3.82;229.90
P02;Villamuriel de Cerrato;2001-01-04;1700;0.00;8.84;72.40;25.82;3.73;236.40
P02;Villamuriel de Cerrato;2001-01-04;1800;0.00;8.20;75.90;0.13;3.25;228.00
P02;Villamuriel de Cerrato;2001-01-04;1900;0.00;7.68;77.90;0.00;3.63;223.00
P02;Villamuriel de Cerrato;2001-01-04;2000;0.00;7.09;83.20;0.00;3.88;224.30
P02;Villamuriel de Cerrato;2001-01-04;2100;0.00;7.00;84.50;0.00;3.45;224.80
P02;Villamuriel de Cerrato;2001-01-04;2200;0.00;6.98;85.40;0.00;3.55;214.80
P02;Villamuriel de Cerrato;2001-01-04;2300;0.00;7.45;84.70;0.00;4.30;219.50
P02;Villamuriel de Cerrato;2001-01-04;2400;0.00;8.06;80.60;0.00;5.52;218.00
P03;Fuentes de Nava;2001-01-04;0100;0.40;9.29;88.90;0.00;7.17;234.00
P03;Fuentes de Nava;2001-01-04;0200;1.00;9.35;86.40;0.00;8.23;244.10
P03;Fuentes de Nava;2001-01-04;0300;1.60;8.59;85.90;0.00;7.16;262.40
P03;Fuentes de Nava;2001-01-04;0400;0.00;6.82;84.10;0.00;5.91;250.60
P03;Fuentes de Nava;2001-01-04;0500;0.00;6.48;81.40;0.00;5.14;261.90
P03;Fuentes de Nava;2001-01-04;0600;0.00;5.82;85.80;0.00;4.72;239.70
P03;Fuentes de Nava;2001-01-04;0700;0.00;5.29;87.30;0.00;4.91;233.60
P03;Fuentes de Nava;2001-01-04;0800;0.00;4.90;88.40;2.92;3.56;233.80
P03;Fuentes de Nava;2001-01-04;0900;0.00;5.37;86.70;61.34;4.98;243.80
P03;Fuentes de Nava;2001-01-04;1000;0.00;6.03;87.00;157.20;5.28;240.70
P03;Fuentes de Nava;2001-01-04;1100;0.00;7.36;83.00;276.90;6.01;237.50
P03;Fuentes de Nava;2001-01-04;1200;0.00;7.91;81.20;242.40;5.99;240.30
P03;Fuentes de Nava;2001-01-04;1300;0.00;8.68;78.30;331.60;6.84;242.80
P03;Fuentes de Nava;2001-01-04;1400;0.00;9.01;77.20;264.00;6.80;240.00
P03;Fuentes de Nava;2001-01-04;1500;0.00;8.85;77.40;108.90;5.98;238.40
P03;Fuentes de Nava;2001-01-04;1600;0.00;8.71;78.10;75.10;4.77;228.00
P03;Fuentes de Nava;2001-01-04;1700;0.00;8.24;77.30;28.07;4.40;230.40
P03;Fuentes de Nava;2001-01-04;1800;0.00;7.37;80.40;0.19;3.81;229.70
P03;Fuentes de Nava;2001-01-04;1900;0.00;6.83;82.20;0.00;4.06;219.40
P03;Fuentes de Nava;2001-01-04;2000;0.00;6.35;84.80;0.00;3.06;207.00
P03;Fuentes de Nava;2001-01-04;2100;0.00;7.02;83.30;0.00;4.89;210.70
P03;Fuentes de Nava;2001-01-04;2200;0.00;6.45;86.70;0.00;4.11;203.90
P03;Fuentes de Nava;2001-01-04;2300;0.00;6.79;85.90;0.00;4.27;208.40
P03;Fuentes de Nava;2001-01-04;2400;0.00;7.52;83.20;0.00;4.44;206.20
P04;Villoldo;2001-01-04;0100;0.80;8.74;91.40;0.00;7.71;232.90
P04;Villoldo;2001-01-04;0200;0.20;8.76;87.90;0.00;8.56;246.00
P04;Villoldo;2001-01-04;0300;1.00;7.53;83.30;0.00;9.17;267.50
P04;Villoldo;2001-01-04;0400;0.00;6.39;86.00;0.00;5.46;258.30
P04;Villoldo;2001-01-04;0500;0.00;5.76;83.80;0.00;5.30;252.70
P04;Villoldo;2001-01-04;0600;0.00;5.24;84.60;0.00;4.51;245.90
P04;Villoldo;2001-01-04;0700;0.00;4.63;85.30;0.00;4.71;237.40
P04;Villoldo;2001-01-04;0800;0.00;4.16;89.90;3.14;2.96;238.60
P04;Villoldo;2001-01-04;0900;0.00;4.41;90.60;60.16;3.57;233.80
P04;Villoldo;2001-01-04;1000;0.00;5.25;88.40;135.10;4.96;241.90
P04;Villoldo;2001-01-04;1100;0.00;6.48;86.10;259.30;5.28;243.30
P04;Villoldo;2001-01-04;1200;0.00;7.53;81.70;349.60;7.06;245.90
P04;Villoldo;2001-01-04;1300;0.00;8.27;78.00;356.40;7.58;247.80
P04;Villoldo;2001-01-04;1400;0.00;8.36;78.50;223.40;6.82;243.60
P04;Villoldo;2001-01-04;1500;0.00;8.36;79.40;170.30;7.64;238.20
P04;Villoldo;2001-01-04;1600;0.00;8.13;79.40;72.60;6.01;239.70
P04;Villoldo;2001-01-04;1700;0.00;7.80;80.20;24.71;5.18;234.90
P04;Villoldo;2001-01-04;1800;0.00;7.28;80.40;0.18;3.59;231.30
P04;Villoldo;2001-01-04;1900;0.00;6.73;81.70;0.00;5.04;221.20
P04;Villoldo;2001-01-04;2000;0.00;6.39;84.10;0.00;6.13;218.40
P04;Villoldo;2001-01-04;2100;0.00;6.54;84.50;0.00;6.06;219.70
P04;Villoldo;2001-01-04;2200;0.00;6.48;86.20;0.00;5.89;218.60
P04;Villoldo;2001-01-04;2300;0.00;6.29;87.20;0.00;4.61;209.00
P04;Villoldo;2001-01-04;2400;0.00;6.68;86.70;0.00;2.94;208.10
P05;Lantadilla;2001-01-04;0100;0.00;8.62;89.70;0.00;6.66;224.30
P05;Lantadilla;2001-01-04;0200;0.40;8.89;87.30;0.00;8.14;241.70
P05;Lantadilla;2001-01-04;0300;1.60;8.02;81.40;0.00;9.39;264.20
P05;Lantadilla;2001-01-04;0400;0.00;6.49;85.60;0.00;4.93;256.60
P05;Lantadilla;2001-01-04;0500;0.00;5.74;85.80;0.00;5.20;249.30
P05;Lantadilla;2001-01-04;0600;0.00;5.33;84.00;0.00;5.42;252.20
P05;Lantadilla;2001-01-04;0700;0.00;4.85;85.40;0.00;5.12;249.40
P05;Lantadilla;2001-01-04;0800;0.00;4.59;89.20;3.06;5.86;245.30
P05;Lantadilla;2001-01-04;0900;0.00;4.70;89.30;71.10;5.95;249.10
P05;Lantadilla;2001-01-04;1000;0.00;5.46;87.50;141.80;6.05;244.70
P05;Lantadilla;2001-01-04;1100;0.00;6.60;84.50;279.90;6.31;239.70
P05;Lantadilla;2001-01-04;1200;0.00;7.38;81.20;211.80;6.54;248.10
P05;Lantadilla;2001-01-04;1300;0.00;8.06;77.90;260.80;7.01;251.30
P05;Lantadilla;2001-01-04;1400;0.00;8.24;76.90;156.20;6.14;246.50
P05;Lantadilla;2001-01-04;1500;0.00;8.30;77.00;112.50;6.27;238.50
P05;Lantadilla;2001-01-04;1600;0.00;8.01;79.20;67.97;6.60;233.80
P05;Lantadilla;2001-01-04;1700;0.00;7.75;79.60;20.38;4.48;213.80
P05;Lantadilla;2001-01-04;1800;0.00;7.25;79.40;0.17;3.54;217.10
P05;Lantadilla;2001-01-04;1900;0.00;6.78;81.00;0.00;3.81;217.10
P05;Lantadilla;2001-01-04;2000;0.00;6.57;80.60;0.00;5.15;220.80
P05;Lantadilla;2001-01-04;2100;0.00;6.88;80.20;0.00;6.47;223.00
P05;Lantadilla;2001-01-04;2200;0.00;7.14;80.90;0.00;6.08;223.50
P05;Lantadilla;2001-01-04;2300;0.00;7.15;81.50;0.00;7.13;224.10
P05;Lantadilla;2001-01-04;2400;0.00;7.10;82.80;0.00;4.85;212.90
P06;Herrera de Pisuerga;2001-01-04;0100;0.60;8.25;92.40;0.00;6.72;207.50
P06;Herrera de Pisuerga;2001-01-04;0200;0.20;8.61;90.10;0.00;7.10;221.60
P06;Herrera de Pisuerga;2001-01-04;0300;2.00;6.80;84.20;0.00;8.58;257.40
P06;Herrera de Pisuerga;2001-01-04;0400;0.00;6.23;82.00;0.00;5.59;250.70
P06;Herrera de Pisuerga;2001-01-04;0500;0.00;5.85;80.70;0.00;6.55;237.50
P06;Herrera de Pisuerga;2001-01-04;0600;0.00;5.34;81.10;0.00;6.45;241.40
P06;Herrera de Pisuerga;2001-01-04;0700;0.00;4.54;85.90;0.00;5.45;240.50
P06;Herrera de Pisuerga;2001-01-04;0800;0.00;3.95;87.00;2.17;4.09;235.30
P06;Herrera de Pisuerga;2001-01-04;0900;0.00;4.15;88.60;61.80;4.61;236.30
P06;Herrera de Pisuerga;2001-01-04;1000;0.00;5.00;87.90;131.50;4.72;229.60
P06;Herrera de Pisuerga;2001-01-04;1100;0.00;6.02;85.30;157.10;4.07;222.80
P06;Herrera de Pisuerga;2001-01-04;1200;0.00;6.80;82.80;188.60;5.32;237.50
P06;Herrera de Pisuerga;2001-01-04;1300;0.00;7.28;80.60;105.80;5.98;235.10
P06;Herrera de Pisuerga;2001-01-04;1400;0.00;7.67;77.50;66.73;5.13;227.00
P06;Herrera de Pisuerga;2001-01-04;1500;0.00;7.76;78.80;48.80;6.38;220.30
P06;Herrera de Pisuerga;2001-01-04;1600;0.00;7.68;80.80;69.85;6.14;216.50
P06;Herrera de Pisuerga;2001-01-04;1700;0.00;7.35;82.20;23.64;5.25;209.00
P06;Herrera de Pisuerga;2001-01-04;1800;0.00;6.96;82.20;0.15;5.36;211.80
P06;Herrera de Pisuerga;2001-01-04;1900;0.00;6.41;83.00;0.00;3.63;197.20
P06;Herrera de Pisuerga;2001-01-04;2000;0.00;5.68;85.90;0.00;2.86;199.30
P06;Herrera de Pisuerga;2001-01-04;2100;0.00;6.10;85.10;0.00;3.04;202.70
P06;Herrera de Pisuerga;2001-01-04;2200;0.00;6.46;85.10;0.00;5.41;210.90
P06;Herrera de Pisuerga;2001-01-04;2300;0.00;6.37;85.70;0.00;5.82;204.40
P06;Herrera de Pisuerga;2001-01-04;2400;0.00;6.34;86.40;0.00;5.09;200.70
P07;Villaluenga de la Vega;2001-01-04;0100;0.20;7.67;94.50;0.00;4.17;258.40
P07;Villaluenga de la Vega;2001-01-04;0200;2.00;7.29;87.70;0.00;6.91;286.00
P07;Villaluenga de la Vega;2001-01-04;0300;0.20;5.90;83.40;0.00;6.16;297.70
P07;Villaluenga de la Vega;2001-01-04;0400;0.00;4.96;85.30;0.00;3.17;292.60
P07;Villaluenga de la Vega;2001-01-04;0500;0.00;4.48;82.10;0.00;2.79;281.10
P07;Villaluenga de la Vega;2001-01-04;0600;0.00;4.09;83.00;0.00;3.17;285.50
P07;Villaluenga de la Vega;2001-01-04;0700;0.00;3.47;86.10;0.00;2.24;287.70
P07;Villaluenga de la Vega;2001-01-04;0800;0.00;2.72;90.10;2.34;1.53;277.20
P07;Villaluenga de la Vega;2001-01-04;0900;0.00;3.14;90.00;63.66;2.89;276.60
P07;Villaluenga de la Vega;2001-01-04;1000;0.00;4.21;89.40;138.50;3.15;277.20
P07;Villaluenga de la Vega;2001-01-04;1100;0.00;5.80;85.00;319.60;3.39;271.60
P07;Villaluenga de la Vega;2001-01-04;1200;0.00;6.47;82.80;288.50;3.63;268.80
P07;Villaluenga de la Vega;2001-01-04;1300;0.00;6.79;81.10;114.20;4.68;272.60
P07;Villaluenga de la Vega;2001-01-04;1400;0.00;7.52;76.20;212.90;5.45;275.00
P07;Villaluenga de la Vega;2001-01-04;1500;0.00;7.51;76.50;137.30;5.06;271.60
P07;Villaluenga de la Vega;2001-01-04;1600;0.00;7.38;78.70;116.90;3.62;262.00
P07;Villaluenga de la Vega;2001-01-04;1700;0.00;6.81;81.90;21.64;2.88;251.50
P07;Villaluenga de la Vega;2001-01-04;1800;0.00;6.40;84.20;0.22;3.28;253.20
P07;Villaluenga de la Vega;2001-01-04;1900;0.00;5.94;83.80;0.00;2.51;245.10
P07;Villaluenga de la Vega;2001-01-04;2000;0.00;5.40;87.00;0.00;1.82;252.40
P07;Villaluenga de la Vega;2001-01-04;2100;0.00;5.58;87.20;0.00;2.16;248.60
P07;Villaluenga de la Vega;2001-01-04;2200;0.00;5.96;87.90;0.00;3.94;254.90
P07;Villaluenga de la Vega;2001-01-04;2300;0.00;6.16;89.10;0.00;2.95;247.80
P07;Villaluenga de la Vega;2001-01-04;2400;0.00;5.97;89.30;0.00;2.62;235.60
SA01;Ciudad Rodrigo;2001-01-04;0100;0.20;11.29;85.10;0.00;2.10;223.60
SA01;Ciudad Rodrigo;2001-01-04;0200;0.00;11.31;84.40;0.00;2.14;249.90
SA01;Ciudad Rodrigo;2001-01-04;0300;0.20;10.59;78.30;0.00;1.91;245.90
SA01;Ciudad Rodrigo;2001-01-04;0400;0.00;9.40;81.70;0.00;0.93;206.60
SA01;Ciudad Rodrigo;2001-01-04;0500;0.00;8.80;82.40;0.00;0.20;118.40
SA01;Ciudad Rodrigo;2001-01-04;0600;0.00;8.98;78.50;0.00;0.99;216.50
SA01;Ciudad Rodrigo;2001-01-04;0700;0.00;8.53;74.00;0.00;1.43;228.00
SA01;Ciudad Rodrigo;2001-01-04;0800;0.00;8.04;72.10;1.21;1.34;169.30
SA01;Ciudad Rodrigo;2001-01-04;0900;0.00;6.64;80.40;51.23;1.35;188.50
SA01;Ciudad Rodrigo;2001-01-04;1000;0.00;8.95;77.30;199.10;2.05;188.10
SA01;Ciudad Rodrigo;2001-01-04;1100;0.00;10.50;73.20;274.50;2.71;194.60
SA01;Ciudad Rodrigo;2001-01-04;1200;0.00;10.89;69.74;253.60;2.17;202.60
SA01;Ciudad Rodrigo;2001-01-04;1300;0.00;11.63;64.81;313.00;2.49;195.40
SA01;Ciudad Rodrigo;2001-01-04;1400;0.00;12.07;61.44;314.90;2.51;219.30
SA01;Ciudad Rodrigo;2001-01-04;1500;0.00;11.52;64.48;149.90;1.95;205.60
SA01;Ciudad Rodrigo;2001-01-04;1600;0.00;11.76;62.39;132.00;2.35;198.90
SA01;Ciudad Rodrigo;2001-01-04;1700;0.00;11.34;68.30;83.50;2.81;194.70
SA01;Ciudad Rodrigo;2001-01-04;1800;0.00;9.76;77.50;0.89;2.21;185.60
SA01;Ciudad Rodrigo;2001-01-04;1900;0.00;8.93;81.00;0.00;1.78;184.60
SA01;Ciudad Rodrigo;2001-01-04;2000;0.00;9.08;82.00;0.00;1.60;187.50
SA01;Ciudad Rodrigo;2001-01-04;2100;0.00;9.59;81.70;0.00;2.24;186.90
SA01;Ciudad Rodrigo;2001-01-04;2200;0.00;10.43;82.10;0.00;2.62;184.90
SA01;Ciudad Rodrigo;2001-01-04;2300;0.00;10.99;83.90;0.00;3.38;182.50
SA01;Ciudad Rodrigo;2001-01-04;2400;0.00;11.13;85.10;0.00;2.36;174.90
SA02;Aldearrubia;2001-01-04;0100;0.00;9.35;86.10;0.00;3.89;232.30
SA02;Aldearrubia;2001-01-04;0200;0.20;10.16;83.70;0.00;4.77;248.60
SA02;Aldearrubia;2001-01-04;0300;0.00;9.78;79.60;0.00;5.68;256.10
SA02;Aldearrubia;2001-01-04;0400;0.00;9.07;80.10;0.00;5.06;259.00
SA02;Aldearrubia;2001-01-04;0500;0.00;8.67;80.00;0.00;5.13;264.70
SA02;Aldearrubia;2001-01-04;0600;0.00;8.01;80.30;0.00;4.74;261.70
SA02;Aldearrubia;2001-01-04;0700;0.00;7.02;82.30;0.00;3.16;256.00
SA02;Aldearrubia;2001-01-04;0800;0.00;6.15;82.30;1.98;2.58;254.80
SA02;Aldearrubia;2001-01-04;0900;0.00;6.05;85.40;38.06;1.96;253.10
SA02;Aldearrubia;2001-01-04;1000;0.00;7.74;78.80;205.20;2.11;238.10
SA02;Aldearrubia;2001-01-04;1100;0.00;9.34;73.30;270.80;2.71;229.30
SA02;Aldearrubia;2001-01-04;1200;0.00;10.49;68.19;332.30;2.90;232.00
SA02;Aldearrubia;2001-01-04;1300;0.00;10.59;64.34;294.30;2.87;255.10
SA02;Aldearrubia;2001-01-04;1400;0.00;10.98;66.58;317.00;2.76;229.60
SA02;Aldearrubia;2001-01-04;1500;0.00;10.68;66.27;269.80;2.38;240.00
SA02;Aldearrubia;2001-01-04;1600;0.00;10.34;67.87;178.40;2.48;214.00
SA02;Aldearrubia;2001-01-04;1700;0.00;8.81;74.40;43.63;2.39;204.00
SA02;Aldearrubia;2001-01-04;1800;0.00;7.91;79.30;1.00;2.38;208.20
SA02;Aldearrubia;2001-01-04;1900;0.00;7.79;81.20;0.00;2.68;215.20
SA02;Aldearrubia;2001-01-04;2000;0.00;7.95;81.70;0.01;2.51;214.00
SA02;Aldearrubia;2001-01-04;2100;0.00;7.87;82.80;0.01;2.67;210.70
SA02;Aldearrubia;2001-01-04;2200;0.00;7.84;82.00;0.00;1.96;216.10
SA02;Aldearrubia;2001-01-04;2300;0.00;8.71;83.00;0.00;2.86;207.30
SA02;Aldearrubia;2001-01-04;2400;0.00;9.71;83.80;0.00;2.84;211.40
SG01;Gomezserracin;2001-01-04;0100;0.20;10.70;72.30;0.03;5.87;217.20
SG01;Gomezserracin;2001-01-04;0200;0.00;10.88;74.30;0.02;6.35;219.30
SG01;Gomezserracin;2001-01-04;0300;0.00;10.34;78.80;0.02;7.30;233.80
SG01;Gomezserracin;2001-01-04;0400;0.00;9.76;79.00;0.02;6.04;241.40
SG01;Gomezserracin;2001-01-04;0500;0.00;8.85;79.10;0.01;5.06;252.90
SG01;Gomezserracin;2001-01-04;0600;0.00;7.56;83.20;0.00;2.36;265.20
SG01;Gomezserracin;2001-01-04;0700;0.00;7.21;83.60;0.00;0.04;246.00
SG01;Gomezserracin;2001-01-04;0800;0.00;6.43;85.50;3.89;0.05;235.70
SG01;Gomezserracin;2001-01-04;0900;0.00;6.44;84.80;59.50;0.01;227.90
SG01;Gomezserracin;2001-01-04;1000;0.00;7.34;78.10;201.50;0.17;235.80
SG01;Gomezserracin;2001-01-04;1100;0.00;8.36;74.80;230.10;0.37;237.20
SG01;Gomezserracin;2001-01-04;1200;0.00;9.32;71.30;338.00;1.07;234.00
SG01;Gomezserracin;2001-01-04;1300;0.00;9.87;67.12;300.60;0.57;236.70
SG01;Gomezserracin;2001-01-04;1400;0.00;10.11;67.17;248.60;0.72;235.60
SG01;Gomezserracin;2001-01-04;1500;0.00;9.77;70.20;164.20;0.60;236.20
SG01;Gomezserracin;2001-01-04;1600;0.00;9.32;72.70;103.80;0.75;226.20
SG01;Gomezserracin;2001-01-04;1700;0.00;8.87;74.10;54.85;0.28;218.30
SG01;Gomezserracin;2001-01-04;1800;0.00;7.41;75.60;0.29;0.01;210.10
SG01;Gomezserracin;2001-01-04;1900;0.00;6.30;80.00;0.00;0.01;195.50
SG01;Gomezserracin;2001-01-04;2000;0.00;3.82;88.30;0.00;0.01;123.90
SG01;Gomezserracin;2001-01-04;2100;0.00;4.33;84.40;0.00;0.01;142.50
SG01;Gomezserracin;2001-01-04;2200;0.00;5.37;80.30;0.00;0.01;165.50
SG01;Gomezserracin;2001-01-04;2300;0.00;6.06;77.20;0.00;0.01;161.60
SG01;Gomezserracin;2001-01-04;2400;0.00;6.98;76.20;0.00;0.23;178.10
SG02;Nava de la Asuncion;2001-01-04;0100;0.00;10.74;73.90;0.01;6.06;181.10
SG02;Nava de la Asuncion;2001-01-04;0200;0.00;10.62;78.30;0.01;8.98;197.80
SG02;Nava de la Asuncion;2001-01-04;0300;0.00;10.22;81.50;0.02;9.19;205.00
SG02;Nava de la Asuncion;2001-01-04;0400;0.00;9.54;82.00;0.02;7.50;214.40
SG02;Nava de la Asuncion;2001-01-04;0500;0.00;9.10;78.70;0.02;8.45;214.00
SG02;Nava de la Asuncion;2001-01-04;0600;0.00;8.25;82.90;0.02;6.13;222.40
SG02;Nava de la Asuncion;2001-01-04;0700;0.00;7.53;85.00;0.01;4.09;214.40
SG02;Nava de la Asuncion;2001-01-04;0800;0.00;6.83;84.60;3.30;3.39;211.80
SG02;Nava de la Asuncion;2001-01-04;0900;0.00;6.79;80.50;81.90;4.84;211.10
SG02;Nava de la Asuncion;2001-01-04;1000;0.00;7.45;78.50;214.20;3.43;211.70
SG02;Nava de la Asuncion;2001-01-04;1100;0.00;8.51;78.30;328.40;4.42;205.60
SG02;Nava de la Asuncion;2001-01-04;1200;0.00;9.37;72.30;295.10;4.61;202.10
SG02;Nava de la Asuncion;2001-01-04;1300;0.00;10.09;69.03;346.30;5.16;211.30
SG02;Nava de la Asuncion;2001-01-04;1400;0.00;10.43;68.89;400.20;5.16;212.50
SG02;Nava de la Asuncion;2001-01-04;1500;0.00;10.06;71.30;205.10;4.19;214.10
SG02;Nava de la Asuncion;2001-01-04;1600;0.00;9.50;74.60;130.60;3.92;191.10
SG02;Nava de la Asuncion;2001-01-04;1700;0.00;9.02;71.60;63.28;4.86;209.90
SG02;Nava de la Asuncion;2001-01-04;1800;0.00;7.62;77.40;0.22;1.14;168.90
SG02;Nava de la Asuncion;2001-01-04;1900;0.00;7.23;75.40;0.00;1.82;163.50
SG02;Nava de la Asuncion;2001-01-04;2000;0.00;6.57;74.50;0.01;1.54;156.90
SG02;Nava de la Asuncion;2001-01-04;2100;0.00;6.77;75.30;0.01;3.53;152.50
SG02;Nava de la Asuncion;2001-01-04;2200;0.00;7.05;71.20;0.02;3.43;153.30
SG02;Nava de la Asuncion;2001-01-04;2300;0.00;6.61;75.80;0.01;3.31;162.50
SG02;Nava de la Asuncion;2001-01-04;2400;0.00;6.75;77.10;0.00;3.14;133.90
SO01;Almazan;2001-01-04;0100;0.00;6.58;87.90;0.00;8.91;216.00
SO01;Almazan;2001-01-04;0200;0.00;6.60;89.80;0.00;8.68;212.10
SO01;Almazan;2001-01-04;0300;0.20;6.65;91.60;0.00;7.79;214.20
SO01;Almazan;2001-01-04;0400;0.00;7.08;88.20;0.00;6.53;221.90
SO01;Almazan;2001-01-04;0500;0.20;7.60;82.70;0.00;6.16;237.80
SO01;Almazan;2001-01-04;0600;0.60;5.80;86.50;0.00;7.99;284.50
SO01;Almazan;2001-01-04;0700;0.00;5.97;82.70;0.00;5.14;280.70
SO01;Almazan;2001-01-04;0800;0.00;5.54;81.70;7.41;5.50;276.60
SO01;Almazan;2001-01-04;0900;0.00;5.80;80.60;113.00;5.43;285.50
SO01;Almazan;2001-01-04;1000;0.00;6.87;76.30;216.90;5.41;268.60
SO01;Almazan;2001-01-04;1100;0.00;7.64;71.50;295.10;7.19;272.20
SO01;Almazan;2001-01-04;1200;0.20;7.90;68.91;311.80;8.10;275.20
SO01;Almazan;2001-01-04;1300;0.00;8.40;67.37;333.50;6.57;276.20
SO01;Almazan;2001-01-04;1400;0.00;8.63;67.62;221.80;5.65;278.80
SO01;Almazan;2001-01-04;1500;0.00;8.61;68.99;121.20;3.41;270.50
SO01;Almazan;2001-01-04;1600;0.00;9.01;69.56;89.70;2.11;269.10
SO01;Almazan;2001-01-04;1700;0.00;8.06;78.20;31.05;2.33;255.70
SO01;Almazan;2001-01-04;1800;0.00;6.56;83.30;0.14;2.17;236.80
SO01;Almazan;2001-01-04;1900;0.00;6.27;84.10;0.00;3.37;238.70
SO01;Almazan;2001-01-04;2000;0.00;6.15;85.20;0.00;2.36;242.90
SO01;Almazan;2001-01-04;2100;0.00;5.77;85.40;0.00;4.57;235.50
SO01;Almazan;2001-01-04;2200;0.00;5.68;85.50;0.00;6.46;224.40
SO01;Almazan;2001-01-04;2300;0.00;5.86;85.30;0.00;7.18;219.40
SO01;Almazan;2001-01-04;2400;0.00;5.76;85.30;0.00;6.80;220.10
SO02;San Esteban de Gormaz;2001-01-04;0100;0.20;10.23;72.00;0.00;6.19;243.00
SO02;San Esteban de Gormaz;2001-01-04;0200;0.00;10.43;70.40;0.00;7.46;236.30
SO02;San Esteban de Gormaz;2001-01-04;0300;0.40;10.06;74.80;0.00;7.96;242.80
SO02;San Esteban de Gormaz;2001-01-04;0400;0.00;10.22;73.20;0.00;9.90;257.20
SO02;San Esteban de Gormaz;2001-01-04;0500;2.20;7.27;81.00;0.00;9.96;266.00
SO02;San Esteban de Gormaz;2001-01-04;0600;0.00;7.04;77.70;0.00;7.98;273.50
SO02;San Esteban de Gormaz;2001-01-04;0700;0.00;6.61;78.30;0.00;6.19;272.30
SO02;San Esteban de Gormaz;2001-01-04;0800;0.00;5.84;80.30;4.93;4.94;256.00
SO02;San Esteban de Gormaz;2001-01-04;0900;0.00;6.28;80.70;97.20;4.78;242.20
SO02;San Esteban de Gormaz;2001-01-04;1000;0.00;7.28;77.90;200.30;5.34;244.60
SO02;San Esteban de Gormaz;2001-01-04;1100;0.00;7.92;75.30;255.10;6.52;254.90
SO02;San Esteban de Gormaz;2001-01-04;1200;0.00;8.33;71.00;249.10;6.71;259.00
SO02;San Esteban de Gormaz;2001-01-04;1300;0.00;8.85;68.75;234.20;6.06;260.30
SO02;San Esteban de Gormaz;2001-01-04;1400;0.00;9.07;70.40;128.10;3.90;254.50
SO02;San Esteban de Gormaz;2001-01-04;1500;0.00;9.60;67.15;225.50;4.42;253.00
SO02;San Esteban de Gormaz;2001-01-04;1600;0.00;9.43;66.75;113.80;3.31;259.60
SO02;San Esteban de Gormaz;2001-01-04;1700;0.00;8.33;74.80;32.74;1.51;271.50
SO02;San Esteban de Gormaz;2001-01-04;1800;0.00;6.87;76.90;0.11;1.32;277.20
SO02;San Esteban de Gormaz;2001-01-04;1900;0.00;5.20;84.70;0.00;0.89;144.90
SO02;San Esteban de Gormaz;2001-01-04;2000;0.00;4.00;88.50;0.00;0.98;119.30
SO02;San Esteban de Gormaz;2001-01-04;2100;0.00;3.15;91.40;0.00;0.69;99.60
SO02;San Esteban de Gormaz;2001-01-04;2200;0.00;3.01;91.40;0.00;0.82;157.90
SO02;San Esteban de Gormaz;2001-01-04;2300;0.00;2.18;94.30;0.00;1.20;91.10
SO02;San Esteban de Gormaz;2001-01-04;2400;0.00;2.32;93.30;0.00;1.49;105.90
SO03;Fuentecantos;2001-01-04;0100;0.40;5.83;90.60;0.00;8.67;209.70
SO03;Fuentecantos;2001-01-04;0200;0.60;5.98;91.20;0.00;6.55;210.40
SO03;Fuentecantos;2001-01-04;0300;2.20;6.12;91.70;0.00;5.75;196.00
SO03;Fuentecantos;2001-01-04;0400;4.20;6.34;88.50;0.00;7.84;235.00
SO03;Fuentecantos;2001-01-04;0500;0.40;6.75;85.40;0.00;7.22;243.00
SO03;Fuentecantos;2001-01-04;0600;0.00;6.09;80.20;0.00;8.94;253.20
SO03;Fuentecantos;2001-01-04;0700;0.00;5.32;79.70;0.00;7.49;256.10
SO03;Fuentecantos;2001-01-04;0800;0.00;4.95;77.80;7.87;7.85;253.30
SO03;Fuentecantos;2001-01-04;0900;0.00;4.97;79.10;82.30;7.95;246.60
SO03;Fuentecantos;2001-01-04;1000;0.00;5.79;77.20;234.40;9.09;249.80
SO03;Fuentecantos;2001-01-04;1100;0.00;6.36;75.50;325.20;7.95;247.50
SO03;Fuentecantos;2001-01-04;1200;0.00;7.13;71.80;395.90;7.16;253.90
SO03;Fuentecantos;2001-01-04;1300;0.00;7.63;71.10;391.10;6.49;251.00
SO03;Fuentecantos;2001-01-04;1400;0.00;7.54;71.20;315.10;7.79;242.50
SO03;Fuentecantos;2001-01-04;1500;0.00;7.17;74.20;171.70;5.77;237.30
SO03;Fuentecantos;2001-01-04;1600;0.00;7.38;73.20;108.70;4.00;241.30
SO03;Fuentecantos;2001-01-04;1700;0.00;6.81;74.40;16.64;2.27;244.00
SO03;Fuentecantos;2001-01-04;1800;0.00;5.33;80.60;0.09;2.07;249.50
SO03;Fuentecantos;2001-01-04;1900;0.00;3.61;88.90;0.00;1.11;156.60
SO03;Fuentecantos;2001-01-04;2000;0.00;3.37;90.80;0.00;1.28;154.10
SO03;Fuentecantos;2001-01-04;2100;0.00;3.93;88.20;0.00;3.68;216.00
SO03;Fuentecantos;2001-01-04;2200;0.00;3.77;89.50;0.00;3.33;219.50
SO03;Fuentecantos;2001-01-04;2300;0.00;3.88;90.70;0.00;4.54;207.40
SO03;Fuentecantos;2001-01-04;2400;0.00;3.92;90.10;0.00;5.13;216.50
VA01;Mayorga;2001-01-04;0100;0.60;9.06;91.60;0.01;5.03;209.60
VA01;Mayorga;2001-01-04;0200;0.20;9.34;82.60;0.01;6.99;230.10
VA01;Mayorga;2001-01-04;0300;0.60;7.66;80.60;0.00;6.84;239.80
VA01;Mayorga;2001-01-04;0400;0.00;6.75;78.10;0.00;5.08;234.70
VA01;Mayorga;2001-01-04;0500;0.00;6.64;76.50;0.00;5.96;238.10
VA01;Mayorga;2001-01-04;0600;0.00;6.24;76.00;0.00;5.32;235.60
VA01;Mayorga;2001-01-04;0700;0.00;5.78;81.40;0.00;4.89;227.30
VA01;Mayorga;2001-01-04;0800;0.00;5.60;82.70;2.47;5.40;230.20
VA01;Mayorga;2001-01-04;0900;0.00;5.64;82.60;57.09;4.56;221.80
VA01;Mayorga;2001-01-04;1000;0.00;6.12;82.90;171.30;3.33;196.00
VA01;Mayorga;2001-01-04;1100;0.00;7.42;80.40;288.40;4.33;208.30
VA01;Mayorga;2001-01-04;1200;0.00;8.14;78.60;277.90;4.65;205.70
VA01;Mayorga;2001-01-04;1300;0.00;8.37;73.60;116.60;5.42;217.50
VA01;Mayorga;2001-01-04;1400;0.00;9.14;72.80;267.70;5.62;220.70
VA01;Mayorga;2001-01-04;1500;0.00;8.93;74.80;118.70;4.75;207.60
VA01;Mayorga;2001-01-04;1600;0.00;9.11;75.20;111.10;4.27;208.40
VA01;Mayorga;2001-01-04;1700;0.00;8.44;76.30;26.30;3.56;195.80
VA01;Mayorga;2001-01-04;1800;0.00;7.84;77.20;0.35;3.67;194.10
VA01;Mayorga;2001-01-04;1900;0.00;6.95;82.20;0.00;3.71;182.90
VA01;Mayorga;2001-01-04;2000;0.00;6.62;83.60;0.00;2.90;180.20
VA01;Mayorga;2001-01-04;2100;0.00;6.93;84.40;0.00;3.65;174.30
VA01;Mayorga;2001-01-04;2200;0.00;7.24;85.00;0.00;3.56;185.80
VA01;Mayorga;2001-01-04;2300;0.00;7.32;85.00;0.00;4.33;186.00
VA01;Mayorga;2001-01-04;2400;0.00;7.01;86.60;0.00;4.04;163.90
VA02;Torrecilla de la Orden;2001-01-04;0100;0.20;8.93;88.10;0.00;7.47;209.60
VA02;Torrecilla de la Orden;2001-01-04;0200;0.20;10.00;83.50;0.00;10.63;228.40
VA02;Torrecilla de la Orden;2001-01-04;0300;0.00;9.76;81.60;0.00;10.62;239.10
VA02;Torrecilla de la Orden;2001-01-04;0400;0.00;8.77;82.80;0.00;9.15;241.50
VA02;Torrecilla de la Orden;2001-01-04;0500;0.00;8.26;82.20;0.00;8.32;250.10
VA02;Torrecilla de la Orden;2001-01-04;0600;0.00;7.35;79.60;0.00;6.74;257.60
VA02;Torrecilla de la Orden;2001-01-04;0700;0.00;6.28;87.70;0.00;5.39;245.70
VA02;Torrecilla de la Orden;2001-01-04;0800;0.00;5.69;87.80;2.39;5.50;236.90
VA02;Torrecilla de la Orden;2001-01-04;0900;0.00;5.82;85.90;58.60;4.26;227.00
VA02;Torrecilla de la Orden;2001-01-04;1000;0.00;6.95;84.30;174.90;5.52;231.60
VA02;Torrecilla de la Orden;2001-01-04;1100;0.00;8.58;77.80;287.70;7.30;234.20
VA02;Torrecilla de la Orden;2001-01-04;1200;0.00;9.39;71.40;346.50;8.30;238.20
VA02;Torrecilla de la Orden;2001-01-04;1300;0.00;10.06;68.38;360.90;7.37;241.70
VA02;Torrecilla de la Orden;2001-01-04;1400;0.00;10.27;69.43;333.90;8.37;239.30
VA02;Torrecilla de la Orden;2001-01-04;1500;0.00;10.11;67.39;240.80;8.07;238.00
VA02;Torrecilla de la Orden;2001-01-04;1600;0.00;9.93;68.91;197.70;7.18;234.20
VA02;Torrecilla de la Orden;2001-01-04;1700;0.00;8.91;75.20;49.04;4.74;200.90
VA02;Torrecilla de la Orden;2001-01-04;1800;0.00;8.19;77.70;0.54;5.83;204.80
VA02;Torrecilla de la Orden;2001-01-04;1900;0.00;7.69;81.10;0.00;5.26;203.80
VA02;Torrecilla de la Orden;2001-01-04;2000;0.00;7.72;81.60;0.00;5.50;200.30
VA02;Torrecilla de la Orden;2001-01-04;2100;0.00;7.88;82.10;0.00;6.66;200.70
VA02;Torrecilla de la Orden;2001-01-04;2200;0.00;7.88;82.20;0.00;5.43;202.00
VA02;Torrecilla de la Orden;2001-01-04;2300;0.00;7.91;82.40;0.00;5.52;196.70
VA02;Torrecilla de la Orden;2001-01-04;2400;0.00;8.74;83.70;0.00;6.34;196.20
VA03;Olmedo;2001-01-04;0100;0.00;10.18;81.60;0.00;9.39;201.70
VA03;Olmedo;2001-01-04;0200;0.00;10.24;82.90;0.00;8.91;205.00
VA03;Olmedo;2001-01-04;0300;0.00;10.08;82.90;0.00;8.51;218.20
VA03;Olmedo;2001-01-04;0400;0.00;9.80;80.50;0.00;7.83;225.30
VA03;Olmedo;2001-01-04;0500;0.00;8.65;80.80;0.00;7.72;245.80
VA03;Olmedo;2001-01-04;0600;0.00;7.68;84.60;0.00;5.53;240.40
VA03;Olmedo;2001-01-04;0700;0.00;6.02;87.80;0.00;2.48;209.00
VA03;Olmedo;2001-01-04;0800;0.00;5.73;89.80;3.06;2.23;206.20
VA03;Olmedo;2001-01-04;0900;0.00;6.11;87.20;58.68;3.47;205.60
VA03;Olmedo;2001-01-04;1000;0.00;7.45;81.70;194.50;3.93;218.90
VA03;Olmedo;2001-01-04;1100;0.00;9.18;76.10;301.60;3.93;216.30
VA03;Olmedo;2001-01-04;1200;0.00;9.92;71.70;299.20;4.63;216.10
VA03;Olmedo;2001-01-04;1300;0.00;10.15;72.50;233.90;4.48;221.30
VA03;Olmedo;2001-01-04;1400;0.00;10.58;68.68;215.80;4.96;228.70
VA03;Olmedo;2001-01-04;1500;0.00;10.41;72.60;144.30;5.19;223.50
VA03;Olmedo;2001-01-04;1600;0.00;10.14;74.00;110.20;4.48;211.80
VA03;Olmedo;2001-01-04;1700;0.00;9.35;74.90;52.09;3.81;198.30
VA03;Olmedo;2001-01-04;1800;0.00;8.14;77.80;0.35;3.35;196.10
VA03;Olmedo;2001-01-04;1900;0.00;8.20;76.00;0.00;4.40;190.20
VA03;Olmedo;2001-01-04;2000;0.00;7.82;79.10;0.00;3.10;178.10
VA03;Olmedo;2001-01-04;2100;0.00;8.41;74.90;0.00;3.75;184.70
VA03;Olmedo;2001-01-04;2200;0.00;8.33;72.70;0.00;2.87;175.70
VA03;Olmedo;2001-01-04;2300;0.00;8.36;71.00;0.00;3.83;175.20
VA03;Olmedo;2001-01-04;2400;0.00;8.18;69.50;0.00;4.26;144.90
VA04;Valladolid;2001-01-04;0100;0.00;9.35;87.40;0.00;6.42;213.00
VA04;Valladolid;2001-01-04;0200;1.40;9.75;86.20;0.00;7.26;230.60
VA04;Valladolid;2001-01-04;0300;0.40;9.92;83.50;0.00;5.79;252.20
VA04;Valladolid;2001-01-04;0400;1.20;7.60;82.50;0.00;6.72;267.30
VA04;Valladolid;2001-01-04;0500;0.00;7.47;81.50;0.00;5.12;262.30
VA04;Valladolid;2001-01-04;0600;0.00;6.81;82.70;0.01;3.68;259.80
VA04;Valladolid;2001-01-04;0700;0.00;6.72;82.30;0.01;3.08;270.20
VA04;Valladolid;2001-01-04;0800;0.00;6.22;83.10;3.13;2.83;256.60
VA04;Valladolid;2001-01-04;0900;0.00;6.30;83.50;55.69;2.65;230.10
VA04;Valladolid;2001-01-04;1000;0.00;7.43;79.20;202.80;3.35;207.30
VA04;Valladolid;2001-01-04;1100;0.00;8.61;78.60;384.70;5.13;223.60
VA04;Valladolid;2001-01-04;1200;0.00;8.79;77.20;143.10;6.15;236.60
VA04;Valladolid;2001-01-04;1300;0.00;9.38;74.60;172.40;5.42;235.60
VA04;Valladolid;2001-01-04;1400;0.00;9.51;72.70;177.40;5.53;241.60
VA04;Valladolid;2001-01-04;1500;0.00;9.58;73.20;130.60;5.57;231.80
VA04;Valladolid;2001-01-04;1600;0.00;9.77;71.60;129.40;5.24;223.50
VA04;Valladolid;2001-01-04;1700;0.00;9.47;72.00;36.11;4.71;216.90
VA04;Valladolid;2001-01-04;1800;0.00;8.45;75.40;0.18;3.31;209.70
VA04;Valladolid;2001-01-04;1900;0.00;7.91;80.00;0.00;3.73;208.00
VA04;Valladolid;2001-01-04;2000;0.00;7.41;83.20;0.02;3.55;208.20
VA04;Valladolid;2001-01-04;2100;0.00;7.24;84.90;0.01;3.00;209.50
VA04;Valladolid;2001-01-04;2200;0.00;7.67;83.90;0.02;3.70;203.20
VA04;Valladolid;2001-01-04;2300;0.00;8.33;81.30;0.00;4.67;197.40
VA04;Valladolid;2001-01-04;2400;0.00;8.44;78.40;0.00;5.35;196.30
VA05;Encinas de Esgueva;2001-01-04;0100;0.00;9.60;84.00;0.05;6.89;228.10
VA05;Encinas de Esgueva;2001-01-04;0200;0.80;9.67;84.60;0.04;7.50;231.70
VA05;Encinas de Esgueva;2001-01-04;0300;0.40;9.25;84.30;0.03;8.16;250.40
VA05;Encinas de Esgueva;2001-01-04;0400;1.00;8.08;82.70;0.02;6.71;267.00
VA05;Encinas de Esgueva;2001-01-04;0500;0.00;6.73;83.10;0.00;4.85;256.80
VA05;Encinas de Esgueva;2001-01-04;0600;0.00;6.21;83.10;0.00;4.58;255.50
VA05;Encinas de Esgueva;2001-01-04;0700;0.00;5.26;85.90;0.00;3.33;244.90
VA05;Encinas de Esgueva;2001-01-04;0800;0.00;5.16;85.30;3.99;3.47;236.60
VA05;Encinas de Esgueva;2001-01-04;0900;0.00;5.57;85.30;59.92;4.27;236.00
VA05;Encinas de Esgueva;2001-01-04;1000;0.00;6.54;81.90;163.30;4.83;238.50
VA05;Encinas de Esgueva;2001-01-04;1100;0.00;7.64;79.00;261.70;5.47;242.80
VA05;Encinas de Esgueva;2001-01-04;1200;0.00;8.09;76.30;152.10;6.10;242.80
VA05;Encinas de Esgueva;2001-01-04;1300;0.00;8.35;76.80;126.70;4.82;245.80
VA05;Encinas de Esgueva;2001-01-04;1400;0.00;9.22;71.60;222.40;4.96;245.00
VA05;Encinas de Esgueva;2001-01-04;1500;0.00;9.36;71.80;228.00;5.31;252.90
VA05;Encinas de Esgueva;2001-01-04;1600;0.00;8.91;72.50;96.00;3.74;239.40
VA05;Encinas de Esgueva;2001-01-04;1700;0.00;8.23;75.60;25.78;2.96;225.80
VA05;Encinas de Esgueva;2001-01-04;1800;0.00;6.90;80.80;0.12;1.91;228.30
VA05;Encinas de Esgueva;2001-01-04;1900;0.00;6.49;84.80;0.01;2.71;225.20
VA05;Encinas de Esgueva;2001-01-04;2000;0.00;6.63;80.00;0.00;3.76;220.60
VA05;Encinas de Esgueva;2001-01-04;2100;0.00;6.25;83.10;0.00;2.30;226.00
VA05;Encinas de Esgueva;2001-01-04;2200;0.00;6.82;81.10;0.00;3.45;225.20
VA05;Encinas de Esgueva;2001-01-04;2300;0.00;7.34;76.30;0.00;5.15;221.50
VA05;Encinas de Esgueva;2001-01-04;2400;0.00;6.44;76.60;0.01;4.10;215.20
VA06;Tordesillas;2001-01-04;0100;0.00;9.40;87.30;0.00;4.43;236.70
VA06;Tordesillas;2001-01-04;0200;0.40;10.17;86.90;0.00;5.93;246.60
VA06;Tordesillas;2001-01-04;0300;0.00;10.77;81.30;0.00;4.64;264.90
VA06;Tordesillas;2001-01-04;0400;1.20;8.70;84.10;0.00;5.26;277.20
VA06;Tordesillas;2001-01-04;0500;0.00;7.60;86.50;0.00;4.25;276.90
VA06;Tordesillas;2001-01-04;0600;0.00;7.08;85.00;0.00;3.30;266.90
VA06;Tordesillas;2001-01-04;0700;0.00;6.84;83.80;0.00;2.04;271.60
VA06;Tordesillas;2001-01-04;0800;0.00;6.56;82.80;2.41;3.14;257.30
VA06;Tordesillas;2001-01-04;0900;0.00;6.64;80.60;54.48;2.41;245.80
VA06;Tordesillas;2001-01-04;1000;0.00;8.10;79.60;198.00;2.61;248.10
VA06;Tordesillas;2001-01-04;1100;0.00;9.52;75.90;284.10;3.73;255.40
VA06;Tordesillas;2001-01-04;1200;0.00;10.34;69.09;323.90;4.75;266.00
VA06;Tordesillas;2001-01-04;1300;0.00;10.73;62.89;313.00;4.66;262.90
VA06;Tordesillas;2001-01-04;1400;0.00;10.82;61.65;210.50;4.12;264.20
VA06;Tordesillas;2001-01-04;1500;0.00;11.37;62.37;247.20;4.04;263.70
VA06;Tordesillas;2001-01-04;1600;0.00;11.02;63.22;173.40;4.09;252.10
VA06;Tordesillas;2001-01-04;1700;0.00;9.63;70.10;38.67;2.42;246.60
VA06;Tordesillas;2001-01-04;1800;0.00;7.67;80.30;0.51;1.08;219.60
VA06;Tordesillas;2001-01-04;1900;0.00;6.25;87.00;0.00;0.76;230.00
VA06;Tordesillas;2001-01-04;2000;0.00;7.17;85.70;0.00;1.96;240.50
VA06;Tordesillas;2001-01-04;2100;0.00;7.87;83.50;0.00;2.58;242.00
VA06;Tordesillas;2001-01-04;2200;0.00;8.41;82.20;0.00;2.55;242.70
VA06;Tordesillas;2001-01-04;2300;0.00;8.69;80.30;0.00;4.35;224.10
VA06;Tordesillas;2001-01-04;2400;0.00;8.73;80.40;0.00;3.57;212.10
VA07;Valbuena de Duero;2001-01-04;0100;0.00;9.94;84.80;0.00;5.74;225.50
VA07;Valbuena de Duero;2001-01-04;0200;0.20;10.02;85.00;0.00;6.16;227.70
VA07;Valbuena de Duero;2001-01-04;0300;0.40;10.17;84.50;0.00;7.86;255.40
VA07;Valbuena de Duero;2001-01-04;0400;2.00;8.07;88.30;0.00;6.90;272.50
VA07;Valbuena de Duero;2001-01-04;0500;0.00;7.25;85.90;0.00;5.25;268.70
VA07;Valbuena de Duero;2001-01-04;0600;0.00;6.40;89.60;0.00;3.06;273.20
VA07;Valbuena de Duero;2001-01-04;0700;0.00;5.53;89.60;0.00;1.62;277.30
VA07;Valbuena de Duero;2001-01-04;0800;0.00;5.33;89.90;3.29;1.22;242.50
VA07;Valbuena de Duero;2001-01-04;0900;0.00;5.53;89.20;60.70;1.65;295.00
VA07;Valbuena de Duero;2001-01-04;1000;0.00;7.38;80.00;182.90;2.69;269.00
VA07;Valbuena de Duero;2001-01-04;1100;0.00;8.48;77.00;347.90;5.39;257.90
VA07;Valbuena de Duero;2001-01-04;1200;0.00;9.15;75.20;337.20;6.07;257.80
VA07;Valbuena de Duero;2001-01-04;1300;0.00;9.42;73.70;221.40;5.35;255.50
VA07;Valbuena de Duero;2001-01-04;1400;0.00;9.58;69.75;209.50;5.67;252.10
VA07;Valbuena de Duero;2001-01-04;1500;0.00;9.55;69.54;149.00;4.53;248.70
VA07;Valbuena de Duero;2001-01-04;1600;0.00;9.54;72.70;81.40;3.07;238.10
VA07;Valbuena de Duero;2001-01-04;1700;0.00;9.32;71.00;34.03;2.57;231.10
VA07;Valbuena de Duero;2001-01-04;1800;0.00;7.96;78.10;0.20;1.01;243.90
VA07;Valbuena de Duero;2001-01-04;1900;0.00;7.38;81.60;0.00;1.47;279.30
VA07;Valbuena de Duero;2001-01-04;2000;0.00;7.92;77.20;0.00;3.34;225.10
VA07;Valbuena de Duero;2001-01-04;2100;0.00;8.15;77.70;0.00;4.48;238.50
VA07;Valbuena de Duero;2001-01-04;2200;0.00;8.39;76.00;0.00;3.74;237.90
VA07;Valbuena de Duero;2001-01-04;2300;0.00;8.21;72.60;0.00;2.04;221.20
VA07;Valbuena de Duero;2001-01-04;2400;0.00;7.26;73.10;0.00;1.67;169.80
ZA01;Colinas de Trasmonte;2001-01-04;0100;0.40;9.84;86.70;0.00;4.04;153.10
ZA01;Colinas de Trasmonte;2001-01-04;0200;2.00;9.23;83.10;0.00;3.84;171.90
ZA01;Colinas de Trasmonte;2001-01-04;0300;0.00;7.23;83.30;0.00;2.96;174.20
ZA01;Colinas de Trasmonte;2001-01-04;0400;0.00;7.01;79.50;0.00;2.93;166.50
ZA01;Colinas de Trasmonte;2001-01-04;0500;0.00;6.71;77.60;0.00;2.68;164.80
ZA01;Colinas de Trasmonte;2001-01-04;0600;0.00;5.89;82.70;0.00;1.43;160.60
ZA01;Colinas de Trasmonte;2001-01-04;0700;0.00;5.84;83.00;0.00;2.30;149.90
ZA01;Colinas de Trasmonte;2001-01-04;0800;0.00;5.83;83.50;1.69;2.13;148.70
ZA01;Colinas de Trasmonte;2001-01-04;0900;0.00;5.94;82.30;47.12;0.61;163.30
ZA01;Colinas de Trasmonte;2001-01-04;1000;0.00;7.05;79.90;121.80;1.61;157.70
ZA01;Colinas de Trasmonte;2001-01-04;1100;0.00;8.28;76.20;207.60;2.78;150.70
ZA01;Colinas de Trasmonte;2001-01-04;1200;0.00;8.96;72.40;196.70;2.96;156.70
ZA01;Colinas de Trasmonte;2001-01-04;1300;0.00;9.22;71.30;134.80;3.35;147.90
ZA01;Colinas de Trasmonte;2001-01-04;1400;0.00;9.73;69.60;183.50;2.47;156.60
ZA01;Colinas de Trasmonte;2001-01-04;1500;0.00;9.90;69.51;186.40;3.85;142.10
ZA01;Colinas de Trasmonte;2001-01-04;1600;0.00;10.18;68.29;164.80;3.49;146.30
ZA01;Colinas de Trasmonte;2001-01-04;1700;0.00;9.23;69.91;36.30;3.00;138.00
ZA01;Colinas de Trasmonte;2001-01-04;1800;0.00;8.46;74.90;0.40;2.33;140.10
ZA01;Colinas de Trasmonte;2001-01-04;1900;0.00;8.17;76.40;0.00;2.48;125.60
ZA01;Colinas de Trasmonte;2001-01-04;2000;0.00;7.67;79.60;0.00;1.80;103.80
ZA01;Colinas de Trasmonte;2001-01-04;2100;0.00;7.93;82.10;0.00;2.40;127.40
ZA01;Colinas de Trasmonte;2001-01-04;2200;0.00;8.23;81.80;0.00;3.81;128.10
ZA01;Colinas de Trasmonte;2001-01-04;2300;0.00;8.31;82.40;0.00;3.53;124.40
ZA01;Colinas de Trasmonte;2001-01-04;2400;0.00;8.81;82.70;0.00;3.73;118.40
ZA02;Villaralbo;2001-01-04;0100;;10.50;87.60;0.00;6.68;197.90
ZA02;Villaralbo;2001-01-04;0200;;10.22;86.70;0.00;7.56;218.40
ZA02;Villaralbo;2001-01-04;0300;;9.80;83.40;0.00;7.76;219.10
ZA02;Villaralbo;2001-01-04;0400;;7.90;85.20;0.00;7.01;230.70
ZA02;Villaralbo;2001-01-04;0500;;7.57;84.30;0.00;6.23;222.50
ZA02;Villaralbo;2001-01-04;0600;;7.09;83.70;0.00;4.77;220.50
ZA02;Villaralbo;2001-01-04;0700;;6.19;87.70;0.00;2.89;211.30
ZA02;Villaralbo;2001-01-04;0800;;6.19;84.50;1.75;2.50;207.00
ZA02;Villaralbo;2001-01-04;0900;;6.44;84.40;64.69;1.72;182.90
ZA02;Villaralbo;2001-01-04;1000;;7.66;82.00;195.00;4.42;200.20
ZA02;Villaralbo;2001-01-04;1100;;8.87;80.50;291.20;5.92;213.30
ZA02;Villaralbo;2001-01-04;1200;;9.75;73.40;328.40;7.00;211.20
ZA02;Villaralbo;2001-01-04;1300;;10.21;71.50;326.10;6.97;211.50
ZA02;Villaralbo;2001-01-04;1400;;10.64;69.67;305.50;6.97;213.80
ZA02;Villaralbo;2001-01-04;1500;;10.67;67.17;277.00;6.61;211.80
ZA02;Villaralbo;2001-01-04;1600;;10.63;66.60;211.70;4.86;203.00
ZA02;Villaralbo;2001-01-04;1700;;9.43;71.80;43.86;2.06;180.30
ZA02;Villaralbo;2001-01-04;1800;;7.54;81.20;0.58;1.09;138.40
ZA02;Villaralbo;2001-01-04;1900;;7.92;80.00;0.00;2.48;180.40
ZA02;Villaralbo;2001-01-04;2000;;8.51;79.60;0.00;4.75;195.10
ZA02;Villaralbo;2001-01-04;2100;;8.92;77.20;0.00;5.55;193.90
ZA02;Villaralbo;2001-01-04;2200;;9.23;75.80;0.00;5.68;191.30
ZA02;Villaralbo;2001-01-04;2300;;9.24;76.90;0.00;4.23;183.30
ZA02;Villaralbo;2001-01-04;2400;;8.91;80.30;0.00;2.54;167.20
ZA03;Toro;2001-01-04;0100;0.00;10.69;85.40;0.00;5.84;231.90
ZA03;Toro;2001-01-04;0200;0.00;10.33;86.50;0.00;5.87;262.30
ZA03;Toro;2001-01-04;0300;0.00;9.89;82.40;0.00;6.06;265.80
ZA03;Toro;2001-01-04;0400;0.00;7.71;86.50;0.00;5.80;271.10
ZA03;Toro;2001-01-04;0500;0.00;7.65;83.50;0.00;4.68;271.90
ZA03;Toro;2001-01-04;0600;0.00;7.10;83.40;0.00;3.66;265.10
ZA03;Toro;2001-01-04;0700;0.00;6.72;84.80;0.00;3.25;261.40
ZA03;Toro;2001-01-04;0800;0.00;6.83;80.70;2.07;3.47;257.50
ZA03;Toro;2001-01-04;0900;0.00;6.86;81.00;65.81;3.75;245.90
ZA03;Toro;2001-01-04;1000;0.00;8.18;78.40;210.50;4.37;236.70
ZA03;Toro;2001-01-04;1100;0.00;9.27;77.40;298.90;4.24;256.80
ZA03;Toro;2001-01-04;1200;0.00;10.25;70.90;344.00;4.93;254.00
ZA03;Toro;2001-01-04;1300;0.00;10.13;70.60;216.50;4.67;255.40
ZA03;Toro;2001-01-04;1400;0.00;10.61;68.09;216.60;4.10;257.70
ZA03;Toro;2001-01-04;1500;0.00;10.97;65.84;290.80;4.93;257.80
ZA03;Toro;2001-01-04;1600;0.00;10.96;64.15;204.90;3.92;244.00
ZA03;Toro;2001-01-04;1700;0.60;9.64;68.40;42.77;2.87;233.80
ZA03;Toro;2001-01-04;1800;0.00;8.47;73.70;0.64;1.71;236.30
ZA03;Toro;2001-01-04;1900;0.00;8.53;74.50;0.00;2.47;224.30
ZA03;Toro;2001-01-04;2000;0.00;8.90;76.60;0.00;3.01;235.50
ZA03;Toro;2001-01-04;2100;0.00;9.23;73.30;0.00;3.00;226.00
ZA03;Toro;2001-01-04;2200;0.40;9.39;71.60;0.00;2.95;211.90
ZA03;Toro;2001-01-04;2300;0.20;8.66;74.60;0.00;2.61;190.30
ZA03;Toro;2001-01-04;2400;0.00;8.96;75.60;0.00;2.82;194.00
ZA04;Villalpando;2001-01-04;0100;1.20;9.66;89.00;0.01;6.52;211.40
ZA04;Villalpando;2001-01-04;0200;0.20;9.71;84.80;0.01;8.01;225.40
ZA04;Villalpando;2001-01-04;0300;0.20;8.19;82.20;0.00;8.80;231.80
ZA04;Villalpando;2001-01-04;0400;0.00;7.32;85.80;0.01;4.89;227.90
ZA04;Villalpando;2001-01-04;0500;0.00;6.63;85.40;0.01;5.48;230.90
ZA04;Villalpando;2001-01-04;0600;0.00;6.02;85.40;0.01;5.70;225.60
ZA04;Villalpando;2001-01-04;0700;0.00;5.96;86.30;0.02;6.88;222.90
ZA04;Villalpando;2001-01-04;0800;0.00;5.65;86.00;2.32;5.95;228.70
ZA04;Villalpando;2001-01-04;0900;0.00;5.74;86.00;54.74;4.99;220.20
ZA04;Villalpando;2001-01-04;1000;0.00;6.69;84.80;152.60;4.41;214.50
ZA04;Villalpando;2001-01-04;1100;0.00;8.32;79.80;274.40;4.97;214.80
ZA04;Villalpando;2001-01-04;1200;0.00;9.13;74.30;285.80;6.55;222.60
ZA04;Villalpando;2001-01-04;1300;0.00;9.25;75.10;222.70;5.77;212.10
ZA04;Villalpando;2001-01-04;1400;0.00;9.74;74.30;281.10;6.76;216.70
ZA04;Villalpando;2001-01-04;1500;0.00;9.74;72.50;157.20;6.41;218.70
ZA04;Villalpando;2001-01-04;1600;0.00;9.87;70.90;157.10;5.64;212.60
ZA04;Villalpando;2001-01-04;1700;0.00;8.72;75.10;32.96;3.69;202.90
ZA04;Villalpando;2001-01-04;1800;0.00;8.06;77.50;0.35;3.78;201.00
ZA04;Villalpando;2001-01-04;1900;0.00;6.99;82.10;0.00;2.04;179.70
ZA04;Villalpando;2001-01-04;2000;0.00;7.30;82.20;0.01;2.99;183.00
ZA04;Villalpando;2001-01-04;2100;0.00;7.64;82.90;0.01;5.07;200.10
ZA04;Villalpando;2001-01-04;2200;0.00;7.54;83.90;0.01;4.71;201.60
ZA04;Villalpando;2001-01-04;2300;0.00;7.72;82.50;0.01;4.39;200.30
ZA04;Villalpando;2001-01-04;2400;0.00;7.55;82.70;0.01;3.62;185.10
ZA05;Pozuelo de Tabara;2001-01-04;0100;2.00;9.95;84.00;0.00;8.07;254.00
ZA05;Pozuelo de Tabara;2001-01-04;0200;3.00;9.28;82.90;0.00;7.72;265.60
ZA05;Pozuelo de Tabara;2001-01-04;0300;0.20;7.93;81.70;0.00;7.75;267.20
ZA05;Pozuelo de Tabara;2001-01-04;0400;0.00;7.35;81.40;0.00;6.47;264.80
ZA05;Pozuelo de Tabara;2001-01-04;0500;0.00;6.64;82.60;0.00;5.84;264.90
ZA05;Pozuelo de Tabara;2001-01-04;0600;0.00;6.51;84.60;0.00;5.54;256.10
ZA05;Pozuelo de Tabara;2001-01-04;0700;0.00;6.00;85.80;0.00;4.55;252.80
ZA05;Pozuelo de Tabara;2001-01-04;0800;0.00;5.81;84.00;1.63;5.31;252.80
ZA05;Pozuelo de Tabara;2001-01-04;0900;0.00;6.19;82.90;59.67;4.68;249.40
ZA05;Pozuelo de Tabara;2001-01-04;1000;0.00;7.21;81.50;165.00;4.04;249.30
ZA05;Pozuelo de Tabara;2001-01-04;1100;0.00;8.52;76.20;311.50;5.17;249.20
ZA05;Pozuelo de Tabara;2001-01-04;1200;0.00;9.01;73.80;296.70;5.63;247.30
ZA05;Pozuelo de Tabara;2001-01-04;1300;0.00;9.02;74.90;134.00;4.90;246.70
ZA05;Pozuelo de Tabara;2001-01-04;1400;0.00;9.85;71.60;351.50;6.79;248.00
ZA05;Pozuelo de Tabara;2001-01-04;1500;0.00;9.72;73.00;221.10;6.59;241.70
ZA05;Pozuelo de Tabara;2001-01-04;1600;0.00;9.49;69.90;141.00;5.80;238.50
ZA05;Pozuelo de Tabara;2001-01-04;1700;0.00;8.75;74.00;40.62;4.24;231.40
ZA05;Pozuelo de Tabara;2001-01-04;1800;0.00;7.57;77.30;0.60;2.67;228.70
ZA05;Pozuelo de Tabara;2001-01-04;1900;0.00;7.06;80.40;0.00;2.15;210.90
ZA05;Pozuelo de Tabara;2001-01-04;2000;0.00;7.24;83.20;0.00;2.18;201.90
ZA05;Pozuelo de Tabara;2001-01-04;2100;0.00;8.17;82.70;0.00;3.61;220.00
ZA05;Pozuelo de Tabara;2001-01-04;2200;0.00;7.88;83.00;0.00;4.31;220.90
ZA05;Pozuelo de Tabara;2001-01-04;2300;0.00;8.16;83.20;0.00;3.31;200.60
ZA05;Pozuelo de Tabara;2001-01-04;2400;0.00;8.82;83.60;0.00;4.39;211.70
