Codigo;Ubicacion;Fecha (AAAA-MM-DD);Hora (HHMM);Precipitacion (mm);Temperatura (oC);Humedad relativa (%);Radiacion (W/m2);Vel. viento (m/s);Dir. viento (o)
AV01;Nava de Arevalo;2002-12-18;0030;0.00;11.81;83.70;0.01;2.26;160.00
AV01;Nava de Arevalo;2002-12-18;0100;0.20;11.63;84.40;0.02;2.72;164.80
AV01;Nava de Arevalo;2002-12-18;0130;0.20;11.43;86.10;0.01;2.53;164.40
AV01;Nava de Arevalo;2002-12-18;0200;0.00;11.14;88.20;0.00;2.10;166.40
AV01;Nava de Arevalo;2002-12-18;0230;0.00;11.10;87.80;0.00;2.14;170.60
AV01;Nava de Arevalo;2002-12-18;0300;0.00;11.23;86.90;0.00;2.36;164.70
AV01;Nava de Arevalo;2002-12-18;0330;0.00;11.32;86.10;0.00;2.05;164.10
AV01;Nava de Arevalo;2002-12-18;0400;0.00;10.83;87.60;0.00;1.37;178.80
AV01;Nava de Arevalo;2002-12-18;0430;0.00;10.43;88.90;0.00;0.38;172.70
AV01;Nava de Arevalo;2002-12-18;0500;0.00;10.30;89.30;0.00;0.91;181.80
AV01;Nava de Arevalo;2002-12-18;0530;0.20;10.16;89.60;0.01;1.07;190.20
AV01;Nava de Arevalo;2002-12-18;0600;0.00;9.85;90.40;0.00;0.68;217.60
AV01;Nava de Arevalo;2002-12-18;0630;0.00;9.87;91.50;0.00;0.41;139.60
AV01;Nava de Arevalo;2002-12-18;0700;0.00;9.47;91.70;0.10;0.88;130.80
AV01;Nava de Arevalo;2002-12-18;0730;0.00;9.54;91.70;1.68;0.92;149.40
AV01;Nava de Arevalo;2002-12-18;0800;0.00;9.58;91.70;12.73;1.15;118.00
AV01;Nava de Arevalo;2002-12-18;0830;0.00;9.41;92.40;23.94;1.65;133.70
AV01;Nava de Arevalo;2002-12-18;0900;0.00;9.97;91.70;56.32;1.74;166.90
AV01;Nava de Arevalo;2002-12-18;0930;0.00;10.64;90.20;170.20;1.80;179.50
AV01;Nava de Arevalo;2002-12-18;1000;0.00;12.40;84.10;227.00;2.20;191.20
AV01;Nava de Arevalo;2002-12-18;1030;0.00;13.15;78.70;185.50;1.51;205.80
AV01;Nava de Arevalo;2002-12-18;1100;0.00;13.23;78.80;195.70;1.45;169.50
AV01;Nava de Arevalo;2002-12-18;1130;0.00;13.56;78.30;181.40;3.41;178.70
AV01;Nava de Arevalo;2002-12-18;1200;0.00;13.47;79.20;225.40;3.22;172.70
AV01;Nava de Arevalo;2002-12-18;1230;0.00;14.23;77.50;301.30;4.43;176.60
AV01;Nava de Arevalo;2002-12-18;1300;0.00;14.54;74.40;330.20;4.94;176.90
AV01;Nava de Arevalo;2002-12-18;1330;0.00;14.83;73.60;338.60;5.29;183.10
AV01;Nava de Arevalo;2002-12-18;1400;0.00;14.67;73.10;225.50;4.57;175.10
AV01;Nava de Arevalo;2002-12-18;1430;0.00;14.56;74.70;202.00;4.98;185.10
AV01;Nava de Arevalo;2002-12-18;1500;0.00;14.44;74.90;164.90;5.05;167.40
AV01;Nava de Arevalo;2002-12-18;1530;0.00;13.60;78.40;51.82;3.78;170.90
AV01;Nava de Arevalo;2002-12-18;1600;0.00;13.29;78.80;21.72;4.51;176.70
AV01;Nava de Arevalo;2002-12-18;1630;0.00;12.93;80.40;6.13;4.73;176.70
AV01;Nava de Arevalo;2002-12-18;1700;0.00;12.65;81.40;0.52;4.41;172.30
AV01;Nava de Arevalo;2002-12-18;1730;0.00;12.41;82.20;0.00;3.95;176.30
AV01;Nava de Arevalo;2002-12-18;1800;0.20;12.38;82.00;0.00;3.49;182.90
AV01;Nava de Arevalo;2002-12-18;1830;0.20;12.01;85.20;0.00;2.70;170.80
AV01;Nava de Arevalo;2002-12-18;1900;0.60;12.23;84.50;0.00;4.30;174.70
AV01;Nava de Arevalo;2002-12-18;1930;0.40;11.88;87.30;0.00;2.65;175.70
AV01;Nava de Arevalo;2002-12-18;2000;0.20;11.83;88.00;0.00;3.36;206.70
AV01;Nava de Arevalo;2002-12-18;2030;0.20;10.60;88.50;0.01;3.64;256.20
AV01;Nava de Arevalo;2002-12-18;2100;0.20;10.21;89.00;0.00;2.69;248.10
AV01;Nava de Arevalo;2002-12-18;2130;0.40;9.96;89.90;0.00;1.93;197.50
AV01;Nava de Arevalo;2002-12-18;2200;0.20;9.85;90.80;0.01;1.76;179.70
AV01;Nava de Arevalo;2002-12-18;2230;0.20;9.76;91.10;0.01;1.36;154.20
AV01;Nava de Arevalo;2002-12-18;2300;0.00;9.58;91.50;0.00;2.88;126.20
AV01;Nava de Arevalo;2002-12-18;2330;0.00;9.45;92.20;0.01;1.76;136.30
AV01;Nava de Arevalo;2002-12-18;2400;0.00;9.25;92.10;0.00;1.68;163.10
BU01;Miranda de Ebro;2002-12-18;0030;0.00;6.52;91.90;0.00;0.25;98.80
BU01;Miranda de Ebro;2002-12-18;0100;0.00;6.07;92.00;0.00;0.14;330.20
BU01;Miranda de Ebro;2002-12-18;0130;0.00;6.00;92.10;0.00;0.16;171.70
BU01;Miranda de Ebro;2002-12-18;0200;0.00;6.14;92.50;0.00;0.46;357.60
BU01;Miranda de Ebro;2002-12-18;0230;0.00;6.18;92.40;0.00;0.50;31.98
BU01;Miranda de Ebro;2002-12-18;0300;0.00;6.09;92.50;0.00;0.90;66.85
BU01;Miranda de Ebro;2002-12-18;0330;0.00;6.18;92.30;0.00;0.58;31.14
BU01;Miranda de Ebro;2002-12-18;0400;0.00;6.03;92.20;0.00;0.15;63.15
BU01;Miranda de Ebro;2002-12-18;0430;0.00;6.00;92.10;0.00;0.34;222.30
BU01;Miranda de Ebro;2002-12-18;0500;0.00;5.96;92.20;0.00;0.43;231.40
BU01;Miranda de Ebro;2002-12-18;0530;0.00;6.14;92.20;0.00;0.05;170.40
BU01;Miranda de Ebro;2002-12-18;0600;0.00;6.16;92.20;0.00;0.33;158.30
BU01;Miranda de Ebro;2002-12-18;0630;0.00;6.18;92.30;0.00;0.32;19.97
BU01;Miranda de Ebro;2002-12-18;0700;0.00;5.87;92.30;0.00;0.39;338.50
BU01;Miranda de Ebro;2002-12-18;0730;0.00;6.00;92.40;0.94;0.12;344.90
BU01;Miranda de Ebro;2002-12-18;0800;0.00;6.14;92.50;13.83;0.45;12.85
BU01;Miranda de Ebro;2002-12-18;0830;0.00;6.32;92.50;26.59;0.79;242.40
BU01;Miranda de Ebro;2002-12-18;0900;0.00;6.66;92.50;51.69;0.20;312.20
BU01;Miranda de Ebro;2002-12-18;0930;0.00;7.13;92.50;93.80;0.44;216.50
BU01;Miranda de Ebro;2002-12-18;1000;0.00;8.05;92.20;194.10;0.61;160.20
BU01;Miranda de Ebro;2002-12-18;1030;0.00;8.95;90.00;138.40;0.48;324.00
BU01;Miranda de Ebro;2002-12-18;1100;0.00;9.46;87.90;140.90;0.51;261.30
BU01;Miranda de Ebro;2002-12-18;1130;0.00;10.11;86.20;253.70;0.46;318.00
BU01;Miranda de Ebro;2002-12-18;1200;0.00;11.59;81.70;284.10;0.57;110.90
BU01;Miranda de Ebro;2002-12-18;1230;0.00;13.01;77.30;303.60;0.68;149.00
BU01;Miranda de Ebro;2002-12-18;1300;0.00;13.75;74.50;291.30;0.35;355.30
BU01;Miranda de Ebro;2002-12-18;1330;0.00;15.12;72.30;273.30;0.79;60.60
BU01;Miranda de Ebro;2002-12-18;1400;0.00;15.41;72.80;254.00;0.79;69.91
BU01;Miranda de Ebro;2002-12-18;1430;0.00;15.94;70.80;221.20;1.62;152.10
BU01;Miranda de Ebro;2002-12-18;1500;0.00;14.95;73.60;86.70;1.47;178.20
BU01;Miranda de Ebro;2002-12-18;1530;0.00;14.09;76.80;82.60;0.95;141.30
BU01;Miranda de Ebro;2002-12-18;1600;0.00;13.59;77.40;33.41;0.61;136.30
BU01;Miranda de Ebro;2002-12-18;1630;0.00;12.68;79.50;6.37;0.69;104.40
BU01;Miranda de Ebro;2002-12-18;1700;0.00;11.30;83.70;0.16;0.57;109.90
BU01;Miranda de Ebro;2002-12-18;1730;0.00;10.48;85.60;0.00;0.54;52.70
BU01;Miranda de Ebro;2002-12-18;1800;0.00;9.90;87.20;0.00;0.54;318.60
BU01;Miranda de Ebro;2002-12-18;1830;0.00;9.84;87.30;0.00;0.54;325.60
BU01;Miranda de Ebro;2002-12-18;1900;0.00;9.19;88.10;0.00;0.42;326.70
BU01;Miranda de Ebro;2002-12-18;1930;0.00;8.34;88.70;0.00;0.58;238.60
BU01;Miranda de Ebro;2002-12-18;2000;0.00;7.94;90.00;0.00;0.38;55.77
BU01;Miranda de Ebro;2002-12-18;2030;0.00;7.81;90.90;0.00;0.21;10.46
BU01;Miranda de Ebro;2002-12-18;2100;0.00;7.90;91.00;0.00;0.52;320.50
BU01;Miranda de Ebro;2002-12-18;2130;0.00;7.30;91.30;0.00;0.32;256.20
BU01;Miranda de Ebro;2002-12-18;2200;0.00;6.59;91.60;0.00;0.27;322.20
BU01;Miranda de Ebro;2002-12-18;2230;0.00;6.97;91.90;0.00;0.47;292.30
BU01;Miranda de Ebro;2002-12-18;2300;0.00;7.75;92.40;0.00;0.72;322.60
BU01;Miranda de Ebro;2002-12-18;2330;0.00;7.53;92.30;0.00;0.57;352.30
BU01;Miranda de Ebro;2002-12-18;2400;0.00;8.15;92.50;0.00;0.29;286.40
BU02;Valle de Valdelucio;2002-12-18;0030;0.00;9.92;91.30;0.00;2.53;280.40
BU02;Valle de Valdelucio;2002-12-18;0100;0.00;9.99;91.20;0.00;2.45;282.40
BU02;Valle de Valdelucio;2002-12-18;0130;0.00;10.01;91.30;0.00;2.00;297.00
BU02;Valle de Valdelucio;2002-12-18;0200;0.00;10.21;90.40;0.00;1.71;293.80
BU02;Valle de Valdelucio;2002-12-18;0230;0.20;10.28;90.40;0.00;1.34;279.60
BU02;Valle de Valdelucio;2002-12-18;0300;0.20;10.28;91.10;0.00;1.63;265.70
BU02;Valle de Valdelucio;2002-12-18;0330;0.20;10.28;91.20;0.00;1.61;272.80
BU02;Valle de Valdelucio;2002-12-18;0400;0.40;10.49;90.60;0.00;2.72;247.50
BU02;Valle de Valdelucio;2002-12-18;0430;0.00;10.58;89.90;0.00;2.47;249.30
BU02;Valle de Valdelucio;2002-12-18;0500;0.00;10.51;89.90;0.00;2.39;258.20
BU02;Valle de Valdelucio;2002-12-18;0530;0.00;10.37;89.90;0.00;1.88;251.20
BU02;Valle de Valdelucio;2002-12-18;0600;0.00;10.28;90.90;0.00;2.21;247.70
BU02;Valle de Valdelucio;2002-12-18;0630;0.00;10.12;91.30;0.00;1.56;254.30
BU02;Valle de Valdelucio;2002-12-18;0700;0.00;10.19;90.70;0.00;1.92;282.00
BU02;Valle de Valdelucio;2002-12-18;0730;0.00;10.24;90.90;0.35;1.71;260.80
BU02;Valle de Valdelucio;2002-12-18;0800;0.20;10.03;91.50;3.73;1.98;247.20
BU02;Valle de Valdelucio;2002-12-18;0830;0.40;9.94;91.80;13.13;0.96;290.20
BU02;Valle de Valdelucio;2002-12-18;0900;0.00;10.13;91.40;34.62;1.70;286.40
BU02;Valle de Valdelucio;2002-12-18;0930;0.00;10.05;90.60;32.24;1.87;264.70
BU02;Valle de Valdelucio;2002-12-18;1000;0.00;10.13;91.40;110.60;0.57;330.90
BU02;Valle de Valdelucio;2002-12-18;1030;0.00;10.92;89.80;154.40;0.58;13.69
BU02;Valle de Valdelucio;2002-12-18;1100;0.00;11.57;86.50;176.60;1.81;250.10
BU02;Valle de Valdelucio;2002-12-18;1130;0.00;12.05;85.90;205.00;2.37;226.10
BU02;Valle de Valdelucio;2002-12-18;1200;0.00;12.35;84.00;334.20;1.78;226.80
BU02;Valle de Valdelucio;2002-12-18;1230;0.00;12.59;80.60;234.30;2.57;239.10
BU02;Valle de Valdelucio;2002-12-18;1300;0.00;12.06;81.60;98.60;1.87;235.20
BU02;Valle de Valdelucio;2002-12-18;1330;0.00;11.73;84.10;98.10;2.61;244.30
BU02;Valle de Valdelucio;2002-12-18;1400;0.00;12.07;84.00;143.70;2.73;249.70
BU02;Valle de Valdelucio;2002-12-18;1430;0.00;12.05;84.30;45.69;2.46;258.40
BU02;Valle de Valdelucio;2002-12-18;1500;0.00;11.94;83.50;72.10;2.24;261.50
BU02;Valle de Valdelucio;2002-12-18;1530;0.00;12.03;83.60;67.63;1.91;256.70
BU02;Valle de Valdelucio;2002-12-18;1600;0.00;11.71;84.20;32.98;1.40;258.80
BU02;Valle de Valdelucio;2002-12-18;1630;0.00;11.58;85.20;4.35;0.96;297.80
BU02;Valle de Valdelucio;2002-12-18;1700;0.00;11.35;84.70;0.37;0.95;11.83
BU02;Valle de Valdelucio;2002-12-18;1730;0.00;10.77;85.50;0.00;1.20;6.77
BU02;Valle de Valdelucio;2002-12-18;1800;0.00;11.05;84.80;0.00;1.14;1.83
BU02;Valle de Valdelucio;2002-12-18;1830;0.00;11.03;84.60;0.00;0.76;37.01
BU02;Valle de Valdelucio;2002-12-18;1900;0.00;11.28;85.80;0.00;0.64;56.48
BU02;Valle de Valdelucio;2002-12-18;1930;0.00;11.25;86.70;0.00;0.80;58.66
BU02;Valle de Valdelucio;2002-12-18;2000;0.00;11.17;85.70;0.00;0.77;84.90
BU02;Valle de Valdelucio;2002-12-18;2030;0.00;11.07;85.30;0.00;0.71;73.10
BU02;Valle de Valdelucio;2002-12-18;2100;0.00;10.83;85.60;0.00;0.67;104.80
BU02;Valle de Valdelucio;2002-12-18;2130;0.00;10.78;85.00;0.00;1.21;124.90
BU02;Valle de Valdelucio;2002-12-18;2200;0.00;10.85;84.40;0.00;1.25;126.90
BU02;Valle de Valdelucio;2002-12-18;2230;0.20;10.80;84.40;0.00;0.65;128.40
BU02;Valle de Valdelucio;2002-12-18;2300;0.00;11.10;84.10;0.00;2.94;209.20
BU02;Valle de Valdelucio;2002-12-18;2330;0.00;11.05;84.60;0.00;2.28;193.10
BU02;Valle de Valdelucio;2002-12-18;2400;0.20;10.73;85.90;0.00;1.93;161.70
BU03;Lerma;2002-12-18;0030;0.00;10.51;89.50;0.00;0.36;73.10
BU03;Lerma;2002-12-18;0100;0.00;10.23;90.80;0.00;0.53;87.50
BU03;Lerma;2002-12-18;0130;0.00;10.90;89.30;0.00;0.91;103.30
BU03;Lerma;2002-12-18;0200;0.00;10.80;88.60;0.00;0.59;101.80
BU03;Lerma;2002-12-18;0230;0.00;10.69;89.00;0.00;0.41;82.30
BU03;Lerma;2002-12-18;0300;0.20;10.52;89.60;0.00;0.31;93.70
BU03;Lerma;2002-12-18;0330;0.00;10.45;90.20;0.00;0.65;94.80
BU03;Lerma;2002-12-18;0400;0.40;10.45;90.60;0.00;0.77;94.50
BU03;Lerma;2002-12-18;0430;0.20;10.21;91.40;0.00;0.60;86.10
BU03;Lerma;2002-12-18;0500;0.00;10.18;91.60;0.00;0.09;73.40
BU03;Lerma;2002-12-18;0530;0.00;10.03;92.00;0.00;0.26;84.40
BU03;Lerma;2002-12-18;0600;0.00;10.38;91.80;0.00;0.67;112.80
BU03;Lerma;2002-12-18;0630;0.00;10.23;91.30;0.00;0.25;32.09
BU03;Lerma;2002-12-18;0700;0.40;10.36;91.40;0.00;0.32;57.30
BU03;Lerma;2002-12-18;0730;0.00;10.25;91.40;1.33;0.48;103.00
BU03;Lerma;2002-12-18;0800;0.00;10.09;91.50;14.28;0.12;15.62
BU03;Lerma;2002-12-18;0830;0.00;10.05;91.90;36.00;0.23;8.49
BU03;Lerma;2002-12-18;0900;0.20;10.34;92.30;62.94;0.45;92.60
BU03;Lerma;2002-12-18;0930;0.00;10.67;92.40;53.42;0.22;106.50
BU03;Lerma;2002-12-18;1000;0.00;10.99;92.30;79.50;0.27;105.10
BU03;Lerma;2002-12-18;1030;0.00;11.65;92.00;147.70;0.80;91.10
BU03;Lerma;2002-12-18;1100;0.00;12.56;88.40;190.60;1.37;109.00
BU03;Lerma;2002-12-18;1130;0.00;13.16;84.60;153.60;1.19;116.50
BU03;Lerma;2002-12-18;1200;0.00;14.14;80.60;247.80;1.36;162.90
BU03;Lerma;2002-12-18;1230;0.00;15.07;74.90;334.70;1.17;144.00
BU03;Lerma;2002-12-18;1300;0.00;15.72;69.17;297.00;1.40;170.90
BU03;Lerma;2002-12-18;1330;0.00;15.15;72.90;216.40;1.54;153.70
BU03;Lerma;2002-12-18;1400;0.00;14.84;73.60;206.80;1.90;146.10
BU03;Lerma;2002-12-18;1430;0.00;15.72;71.00;266.10;1.76;132.10
BU03;Lerma;2002-12-18;1500;0.00;15.10;71.10;160.90;1.76;151.70
BU03;Lerma;2002-12-18;1530;0.00;15.01;72.80;143.80;1.77;131.70
BU03;Lerma;2002-12-18;1600;0.00;14.39;76.50;61.22;1.56;128.40
BU03;Lerma;2002-12-18;1630;0.00;13.39;78.20;11.84;1.32;107.80
BU03;Lerma;2002-12-18;1700;0.00;12.15;82.00;0.49;0.64;81.80
BU03;Lerma;2002-12-18;1730;0.00;11.29;85.90;0.00;0.74;108.20
BU03;Lerma;2002-12-18;1800;0.00;10.84;86.20;0.00;0.48;108.80
BU03;Lerma;2002-12-18;1830;0.00;10.18;88.40;0.00;0.47;82.00
BU03;Lerma;2002-12-18;1900;0.00;9.91;88.80;0.00;0.26;83.90
BU03;Lerma;2002-12-18;1930;0.00;9.14;89.80;0.00;0.09;80.90
BU03;Lerma;2002-12-18;2000;0.00;9.09;90.90;0.00;0.75;97.40
BU03;Lerma;2002-12-18;2030;0.00;10.31;87.10;0.00;1.54;106.80
BU03;Lerma;2002-12-18;2100;0.00;10.54;84.30;0.00;0.99;116.60
BU03;Lerma;2002-12-18;2130;0.00;9.99;87.10;0.00;0.60;93.20
BU03;Lerma;2002-12-18;2200;0.00;10.15;86.60;0.00;1.01;111.40
BU03;Lerma;2002-12-18;2230;0.00;10.59;84.00;0.00;1.63;107.50
BU03;Lerma;2002-12-18;2300;0.00;10.72;83.70;0.00;1.19;99.90
BU03;Lerma;2002-12-18;2330;0.00;10.60;85.00;0.00;1.11;109.10
BU03;Lerma;2002-12-18;2400;0.00;10.05;87.40;0.00;0.93;116.60
BU04;Tardajos;2002-12-18;0030;0.00;10.32;90.80;0.00;0.69;305.70
BU04;Tardajos;2002-12-18;0100;0.00;9.87;91.10;0.00;0.20;115.30
BU04;Tardajos;2002-12-18;0130;0.00;9.83;92.00;0.00;0.79;117.60
BU04;Tardajos;2002-12-18;0200;0.00;10.12;92.60;0.00;0.54;62.50
BU04;Tardajos;2002-12-18;0230;0.00;9.87;92.40;0.00;0.58;87.80
BU04;Tardajos;2002-12-18;0300;0.00;9.94;93.00;0.00;0.26;338.30
BU04;Tardajos;2002-12-18;0330;1.20;10.21;92.90;0.00;0.55;258.30
BU04;Tardajos;2002-12-18;0400;1.00;10.21;92.70;0.00;0.82;281.60
BU04;Tardajos;2002-12-18;0430;0.00;10.03;92.80;0.00;0.37;286.10
BU04;Tardajos;2002-12-18;0500;0.20;10.01;93.10;0.00;0.15;335.40
BU04;Tardajos;2002-12-18;0530;0.00;10.03;93.10;0.00;0.59;298.30
BU04;Tardajos;2002-12-18;0600;0.00;10.10;93.10;0.00;0.81;291.40
BU04;Tardajos;2002-12-18;0630;0.00;10.03;93.10;0.00;1.19;297.90
BU04;Tardajos;2002-12-18;0700;0.00;10.12;92.90;0.00;1.43;299.30
BU04;Tardajos;2002-12-18;0730;0.00;9.83;92.60;0.46;0.73;284.40
BU04;Tardajos;2002-12-18;0800;0.20;9.99;93.20;9.17;0.36;236.70
BU04;Tardajos;2002-12-18;0830;0.20;9.92;93.20;26.45;0.19;338.30
BU04;Tardajos;2002-12-18;0900;0.00;10.17;93.40;44.21;0.32;211.20
BU04;Tardajos;2002-12-18;0930;0.00;10.68;93.50;106.60;0.42;184.00
BU04;Tardajos;2002-12-18;1000;0.00;11.04;93.00;118.00;0.87;213.10
BU04;Tardajos;2002-12-18;1030;0.00;11.71;91.90;234.40;1.03;223.00
BU04;Tardajos;2002-12-18;1100;0.00;12.69;88.10;334.40;1.67;217.70
BU04;Tardajos;2002-12-18;1130;0.00;13.38;85.50;350.20;1.96;226.40
BU04;Tardajos;2002-12-18;1200;0.00;13.83;82.40;365.70;2.18;227.70
BU04;Tardajos;2002-12-18;1230;0.00;14.05;80.90;373.00;2.97;224.40
BU04;Tardajos;2002-12-18;1300;0.00;14.58;77.50;401.50;2.45;233.40
BU04;Tardajos;2002-12-18;1330;0.00;14.38;79.10;256.10;2.53;242.00
BU04;Tardajos;2002-12-18;1400;0.00;14.49;78.00;227.60;2.54;239.00
BU04;Tardajos;2002-12-18;1430;0.00;14.34;76.60;211.10;1.39;238.10
BU04;Tardajos;2002-12-18;1500;0.00;14.65;76.90;158.20;1.54;232.10
BU04;Tardajos;2002-12-18;1530;0.00;14.36;77.30;87.00;1.13;216.10
BU04;Tardajos;2002-12-18;1600;0.00;14.36;77.90;76.00;0.52;179.90
BU04;Tardajos;2002-12-18;1630;0.00;13.53;79.90;12.72;0.28;96.90
BU04;Tardajos;2002-12-18;1700;0.00;12.61;81.00;0.43;0.86;60.86
BU04;Tardajos;2002-12-18;1730;0.00;11.03;87.00;0.00;0.52;127.40
BU04;Tardajos;2002-12-18;1800;0.00;10.50;90.50;0.00;0.71;70.50
BU04;Tardajos;2002-12-18;1830;0.00;11.06;88.60;0.00;0.70;52.53
BU04;Tardajos;2002-12-18;1900;0.00;11.08;86.20;0.00;0.60;57.50
BU04;Tardajos;2002-12-18;1930;0.00;11.41;85.60;0.00;0.56;71.00
BU04;Tardajos;2002-12-18;2000;0.00;11.48;84.90;0.00;0.80;148.10
BU04;Tardajos;2002-12-18;2030;0.00;11.34;84.30;0.00;0.68;112.40
BU04;Tardajos;2002-12-18;2100;0.00;10.88;85.70;0.00;0.81;285.70
BU04;Tardajos;2002-12-18;2130;0.00;10.86;84.80;0.00;0.62;207.40
BU04;Tardajos;2002-12-18;2200;0.00;10.74;84.70;0.00;0.61;285.60
BU04;Tardajos;2002-12-18;2230;0.00;10.72;84.40;0.00;0.80;152.50
BU04;Tardajos;2002-12-18;2300;0.00;10.86;83.80;0.00;0.82;254.70
BU04;Tardajos;2002-12-18;2330;0.00;10.61;85.00;0.00;0.73;308.60
BU04;Tardajos;2002-12-18;2400;0.00;10.65;84.80;0.00;0.21;42.29
BU05;Vadocondes;2002-12-18;0030;0.00;8.83;92.90;0.00;0.43;135.10
BU05;Vadocondes;2002-12-18;0100;0.20;8.68;93.40;0.00;0.34;136.80
BU05;Vadocondes;2002-12-18;0130;0.00;8.86;93.60;0.00;0.40;136.80
BU05;Vadocondes;2002-12-18;0200;0.00;9.15;93.60;0.00;0.99;102.40
BU05;Vadocondes;2002-12-18;0230;0.60;9.46;93.40;0.00;0.73;112.20
BU05;Vadocondes;2002-12-18;0300;0.80;9.49;93.30;0.00;0.82;114.30
BU05;Vadocondes;2002-12-18;0330;0.60;9.51;93.40;0.00;1.24;96.60
BU05;Vadocondes;2002-12-18;0400;0.40;9.46;93.70;0.00;1.53;93.80
BU05;Vadocondes;2002-12-18;0430;0.00;9.51;93.80;0.00;0.96;103.00
BU05;Vadocondes;2002-12-18;0500;0.00;9.46;93.90;0.00;0.93;99.30
BU05;Vadocondes;2002-12-18;0530;0.00;9.35;93.80;0.00;0.66;110.70
BU05;Vadocondes;2002-12-18;0600;0.20;9.33;93.90;0.00;0.57;113.00
BU05;Vadocondes;2002-12-18;0630;0.00;9.22;94.10;0.00;0.18;112.70
BU05;Vadocondes;2002-12-18;0700;0.20;9.11;94.10;0.00;0.56;108.40
BU05;Vadocondes;2002-12-18;0730;0.00;9.08;94.20;2.14;0.29;127.10
BU05;Vadocondes;2002-12-18;0800;0.00;9.08;94.30;13.62;0.69;133.60
BU05;Vadocondes;2002-12-18;0830;0.00;9.24;94.60;28.32;0.60;120.00
BU05;Vadocondes;2002-12-18;0900;0.00;9.62;94.60;77.10;0.52;127.80
BU05;Vadocondes;2002-12-18;0930;0.00;10.18;94.70;136.90;0.52;103.80
BU05;Vadocondes;2002-12-18;1000;0.00;10.79;94.70;203.20;1.07;97.60
BU05;Vadocondes;2002-12-18;1030;0.00;11.71;94.00;187.50;1.01;100.50
BU05;Vadocondes;2002-12-18;1100;0.00;12.42;91.10;311.30;1.44;90.80
BU05;Vadocondes;2002-12-18;1130;0.00;12.90;87.60;205.20;1.41;92.30
BU05;Vadocondes;2002-12-18;1200;0.00;13.09;86.60;367.30;1.41;93.70
BU05;Vadocondes;2002-12-18;1230;0.00;13.92;84.10;408.90;1.40;99.40
BU05;Vadocondes;2002-12-18;1300;0.00;14.31;82.20;235.70;1.81;87.90
BU05;Vadocondes;2002-12-18;1330;0.00;14.06;82.50;190.90;1.55;93.00
BU05;Vadocondes;2002-12-18;1400;0.00;14.27;79.80;204.40;1.34;102.80
BU05;Vadocondes;2002-12-18;1430;0.00;14.67;78.00;229.00;1.13;102.60
BU05;Vadocondes;2002-12-18;1500;0.00;15.02;74.90;202.60;1.15;105.90
BU05;Vadocondes;2002-12-18;1530;0.00;14.81;76.40;93.20;0.84;95.70
BU05;Vadocondes;2002-12-18;1600;0.00;14.32;78.60;57.94;0.56;108.50
BU05;Vadocondes;2002-12-18;1630;0.00;13.20;81.70;10.46;0.54;162.90
BU05;Vadocondes;2002-12-18;1700;0.00;12.02;84.70;0.28;0.48;124.50
BU05;Vadocondes;2002-12-18;1730;0.00;10.99;87.70;0.00;0.47;125.20
BU05;Vadocondes;2002-12-18;1800;0.00;10.15;90.10;0.00;0.81;110.10
BU05;Vadocondes;2002-12-18;1830;0.00;9.82;90.70;0.00;1.03;97.20
BU05;Vadocondes;2002-12-18;1900;0.00;9.62;89.90;0.00;0.66;106.90
BU05;Vadocondes;2002-12-18;1930;0.00;9.44;89.40;0.00;0.69;70.90
BU05;Vadocondes;2002-12-18;2000;0.00;9.66;87.40;0.00;0.57;122.30
BU05;Vadocondes;2002-12-18;2030;0.00;8.93;89.10;0.00;0.65;123.70
BU05;Vadocondes;2002-12-18;2100;0.00;9.02;89.60;0.00;0.94;100.50
BU05;Vadocondes;2002-12-18;2130;0.00;9.17;89.20;0.00;0.66;108.60
BU05;Vadocondes;2002-12-18;2200;0.00;9.20;89.90;0.00;1.27;96.90
BU05;Vadocondes;2002-12-18;2230;0.20;9.44;89.60;0.00;1.23;95.50
BU05;Vadocondes;2002-12-18;2300;0.40;9.37;90.50;0.00;1.02;101.10
BU05;Vadocondes;2002-12-18;2330;1.40;9.22;91.40;0.00;0.88;121.10
BU05;Vadocondes;2002-12-18;2400;0.60;9.10;92.30;0.00;0.66;81.10
LE01;Carracedelo;2002-12-18;0030;0.00;9.24;96.30;0.00;0.53;138.40
LE01;Carracedelo;2002-12-18;0100;0.00;9.30;96.40;0.00;0.41;98.60
LE01;Carracedelo;2002-12-18;0130;0.00;9.15;96.30;0.00;0.35;93.50
LE01;Carracedelo;2002-12-18;0200;0.00;8.99;96.30;0.00;0.57;72.70
LE01;Carracedelo;2002-12-18;0230;0.00;8.99;96.40;0.00;0.38;317.80
LE01;Carracedelo;2002-12-18;0300;0.00;8.93;96.50;0.00;0.37;143.20
LE01;Carracedelo;2002-12-18;0330;0.00;8.82;96.50;0.00;0.34;175.20
LE01;Carracedelo;2002-12-18;0400;0.00;8.80;96.50;0.00;0.36;3.12
LE01;Carracedelo;2002-12-18;0430;0.00;8.80;96.60;0.00;0.45;21.56
LE01;Carracedelo;2002-12-18;0500;0.60;8.79;96.60;0.00;0.40;181.50
LE01;Carracedelo;2002-12-18;0530;0.20;8.66;96.60;0.00;0.42;60.96
LE01;Carracedelo;2002-12-18;0600;0.00;8.55;96.60;0.00;0.56;68.47
LE01;Carracedelo;2002-12-18;0630;0.00;8.53;96.70;0.00;0.22;116.40
LE01;Carracedelo;2002-12-18;0700;0.00;8.44;96.70;0.00;0.24;35.48
LE01;Carracedelo;2002-12-18;0730;0.00;8.33;96.70;0.63;0.35;197.80
LE01;Carracedelo;2002-12-18;0800;0.00;8.06;96.70;11.23;0.34;348.70
LE01;Carracedelo;2002-12-18;0830;0.00;8.24;96.80;41.05;0.43;0.85
LE01;Carracedelo;2002-12-18;0900;0.00;8.60;96.80;53.08;0.84;120.10
LE01;Carracedelo;2002-12-18;0930;0.00;8.97;96.90;84.40;0.93;72.80
LE01;Carracedelo;2002-12-18;1000;0.00;9.44;96.90;106.50;0.55;114.60
LE01;Carracedelo;2002-12-18;1030;0.00;9.81;97.00;102.00;0.52;281.30
LE01;Carracedelo;2002-12-18;1100;0.00;10.19;97.00;151.00;0.92;294.50
LE01;Carracedelo;2002-12-18;1130;0.00;11.10;97.00;168.60;0.24;77.50
LE01;Carracedelo;2002-12-18;1200;0.00;11.64;96.90;134.90;0.17;167.00
LE01;Carracedelo;2002-12-18;1230;0.00;11.97;96.90;86.10;0.42;163.40
LE01;Carracedelo;2002-12-18;1300;0.00;12.08;96.90;112.30;0.75;250.40
LE01;Carracedelo;2002-12-18;1330;0.00;12.32;96.80;83.50;0.35;189.70
LE01;Carracedelo;2002-12-18;1400;0.00;12.48;96.30;80.10;0.61;158.50
LE01;Carracedelo;2002-12-18;1430;0.00;13.05;95.40;121.50;0.69;313.80
LE01;Carracedelo;2002-12-18;1500;0.00;13.69;94.00;114.60;0.52;247.50
LE01;Carracedelo;2002-12-18;1530;0.00;13.51;93.20;55.22;0.63;256.80
LE01;Carracedelo;2002-12-18;1600;0.00;13.90;92.20;35.18;0.59;252.60
LE01;Carracedelo;2002-12-18;1630;0.00;12.80;92.50;4.82;0.57;196.90
LE01;Carracedelo;2002-12-18;1700;0.00;11.70;93.40;0.55;0.43;83.50
LE01;Carracedelo;2002-12-18;1730;0.00;10.93;94.70;0.00;0.58;69.75
LE01;Carracedelo;2002-12-18;1800;0.00;10.73;95.00;0.00;0.19;3.82
LE01;Carracedelo;2002-12-18;1830;0.00;10.58;95.50;0.00;0.39;256.70
LE01;Carracedelo;2002-12-18;1900;0.00;10.74;95.50;0.00;0.36;236.50
LE01;Carracedelo;2002-12-18;1930;0.80;10.67;95.60;0.00;0.60;214.30
LE01;Carracedelo;2002-12-18;2000;0.40;11.05;95.80;0.00;0.52;317.80
LE01;Carracedelo;2002-12-18;2030;0.60;11.00;95.80;0.00;0.39;135.80
LE01;Carracedelo;2002-12-18;2100;0.20;10.89;95.90;0.00;0.66;230.60
LE01;Carracedelo;2002-12-18;2130;0.60;11.34;96.00;0.00;0.85;234.20
LE01;Carracedelo;2002-12-18;2200;0.00;11.29;96.00;0.00;0.43;213.60
LE01;Carracedelo;2002-12-18;2230;0.00;11.40;96.00;0.00;0.38;92.30
LE01;Carracedelo;2002-12-18;2300;0.20;10.76;95.80;0.00;0.81;70.20
LE01;Carracedelo;2002-12-18;2330;0.00;10.51;96.10;0.00;0.38;75.50
LE01;Carracedelo;2002-12-18;2400;0.00;10.22;96.00;0.00;0.61;340.20
LE02;Mansilla mayor;2002-12-18;0030;0.00;10.21;97.80;0.00;0.88;81.90
LE02;Mansilla mayor;2002-12-18;0100;0.40;10.33;97.90;0.00;0.98;90.60
LE02;Mansilla mayor;2002-12-18;0130;0.20;10.32;97.90;0.00;0.86;97.70
LE02;Mansilla mayor;2002-12-18;0200;0.00;10.19;98.00;0.00;0.64;79.80
LE02;Mansilla mayor;2002-12-18;0230;0.20;10.15;98.10;0.00;1.13;100.60
LE02;Mansilla mayor;2002-12-18;0300;0.00;10.19;98.10;0.00;1.26;97.60
LE02;Mansilla mayor;2002-12-18;0330;0.00;10.17;98.00;0.00;1.32;108.30
LE02;Mansilla mayor;2002-12-18;0400;0.00;10.15;98.10;0.00;1.49;108.80
LE02;Mansilla mayor;2002-12-18;0430;0.00;10.17;98.10;0.00;1.59;110.20
LE02;Mansilla mayor;2002-12-18;0500;0.00;10.19;98.10;0.00;1.74;114.90
LE02;Mansilla mayor;2002-12-18;0530;0.00;10.19;98.00;0.00;1.88;123.50
LE02;Mansilla mayor;2002-12-18;0600;0.20;10.23;98.10;0.00;1.84;116.20
LE02;Mansilla mayor;2002-12-18;0630;0.00;10.19;98.10;0.00;2.06;128.80
LE02;Mansilla mayor;2002-12-18;0700;0.00;10.26;98.20;0.00;2.33;129.40
LE02;Mansilla mayor;2002-12-18;0730;0.00;10.35;98.30;0.54;1.94;128.70
LE02;Mansilla mayor;2002-12-18;0800;0.20;10.35;98.30;8.61;1.98;130.50
LE02;Mansilla mayor;2002-12-18;0830;0.20;10.39;98.30;33.78;2.30;129.40
LE02;Mansilla mayor;2002-12-18;0900;0.00;10.69;98.30;68.91;2.38;135.10
LE02;Mansilla mayor;2002-12-18;0930;0.00;11.24;97.90;83.10;2.42;135.40
LE02;Mansilla mayor;2002-12-18;1000;0.00;11.41;97.40;150.40;2.67;128.00
LE02;Mansilla mayor;2002-12-18;1030;0.00;11.79;96.60;167.90;2.75;138.80
LE02;Mansilla mayor;2002-12-18;1100;0.00;12.04;96.00;164.80;2.15;129.30
LE02;Mansilla mayor;2002-12-18;1130;0.00;12.80;94.20;130.70;1.80;140.70
LE02;Mansilla mayor;2002-12-18;1200;0.00;13.28;90.90;168.70;1.88;176.80
LE02;Mansilla mayor;2002-12-18;1230;0.00;13.90;83.80;313.50;2.86;166.90
LE02;Mansilla mayor;2002-12-18;1300;0.00;13.74;82.30;188.20;2.41;171.50
LE02;Mansilla mayor;2002-12-18;1330;0.00;13.94;80.70;139.30;1.95;174.90
LE02;Mansilla mayor;2002-12-18;1400;0.00;13.61;83.00;113.50;1.83;154.70
LE02;Mansilla mayor;2002-12-18;1430;0.00;13.58;82.70;96.70;1.59;137.80
LE02;Mansilla mayor;2002-12-18;1500;0.20;12.88;87.10;42.40;2.38;138.60
LE02;Mansilla mayor;2002-12-18;1530;0.00;12.40;91.00;66.03;1.44;145.40
LE02;Mansilla mayor;2002-12-18;1600;0.00;12.52;91.70;35.47;0.64;81.90
LE02;Mansilla mayor;2002-12-18;1630;0.00;11.94;93.00;4.94;0.69;79.80
LE02;Mansilla mayor;2002-12-18;1700;0.00;11.76;93.40;0.31;1.17;99.10
LE02;Mansilla mayor;2002-12-18;1730;0.00;11.67;92.10;0.00;0.60;103.80
LE02;Mansilla mayor;2002-12-18;1800;0.20;11.20;92.80;0.00;0.43;95.00
LE02;Mansilla mayor;2002-12-18;1830;0.00;10.96;94.00;0.00;0.40;42.92
LE02;Mansilla mayor;2002-12-18;1900;0.00;10.85;94.90;0.00;0.67;48.27
LE02;Mansilla mayor;2002-12-18;1930;0.00;10.88;95.20;0.00;0.87;57.51
LE02;Mansilla mayor;2002-12-18;2000;0.00;10.96;94.80;0.00;1.66;86.10
LE02;Mansilla mayor;2002-12-18;2030;1.00;11.19;93.60;0.00;1.69;91.80
LE02;Mansilla mayor;2002-12-18;2100;0.00;10.77;95.00;0.00;1.45;114.70
LE02;Mansilla mayor;2002-12-18;2130;0.00;11.20;94.50;0.00;2.02;142.30
LE02;Mansilla mayor;2002-12-18;2200;0.00;11.02;93.60;0.00;1.74;154.10
LE02;Mansilla mayor;2002-12-18;2230;0.40;10.55;94.20;0.00;1.08;142.80
LE02;Mansilla mayor;2002-12-18;2300;0.60;10.26;94.80;0.00;0.65;129.40
LE02;Mansilla mayor;2002-12-18;2330;0.20;9.92;95.60;0.00;0.17;140.30
LE02;Mansilla mayor;2002-12-18;2400;0.00;9.43;95.90;0.00;0.13;11.80
LE03;Cubillas de los Oteros;2002-12-18;0030;0.00;10.07;94.20;0.00;0.75;93.10
LE03;Cubillas de los Oteros;2002-12-18;0100;1.60;10.73;94.30;0.00;1.42;184.80
LE03;Cubillas de los Oteros;2002-12-18;0130;0.00;10.97;94.50;0.00;0.70;135.20
LE03;Cubillas de los Oteros;2002-12-18;0200;0.00;10.64;94.50;0.00;1.38;127.10
LE03;Cubillas de los Oteros;2002-12-18;0230;0.00;10.64;94.50;0.00;1.69;136.30
LE03;Cubillas de los Oteros;2002-12-18;0300;0.00;10.44;94.50;0.00;1.11;149.70
LE03;Cubillas de los Oteros;2002-12-18;0330;0.00;10.13;94.40;0.00;0.58;103.90
LE03;Cubillas de los Oteros;2002-12-18;0400;0.00;9.76;94.40;0.00;0.71;74.50
LE03;Cubillas de los Oteros;2002-12-18;0430;0.00;10.13;94.60;0.00;1.21;119.50
LE03;Cubillas de los Oteros;2002-12-18;0500;0.00;10.07;94.50;0.00;1.88;128.50
LE03;Cubillas de los Oteros;2002-12-18;0530;0.00;10.11;94.50;0.00;1.38;144.00
LE03;Cubillas de los Oteros;2002-12-18;0600;0.20;10.11;94.60;0.00;2.03;152.20
LE03;Cubillas de los Oteros;2002-12-18;0630;0.00;10.27;94.60;0.00;2.33;158.20
LE03;Cubillas de los Oteros;2002-12-18;0700;0.00;10.42;94.60;0.00;2.06;147.50
LE03;Cubillas de los Oteros;2002-12-18;0730;0.00;10.53;94.50;0.83;1.95;148.20
LE03;Cubillas de los Oteros;2002-12-18;0800;0.00;10.55;94.50;10.52;1.76;147.20
LE03;Cubillas de los Oteros;2002-12-18;0830;0.00;10.69;94.40;39.27;1.91;153.10
LE03;Cubillas de los Oteros;2002-12-18;0900;0.00;11.24;94.20;105.10;2.40;154.30
LE03;Cubillas de los Oteros;2002-12-18;0930;0.00;11.46;93.50;145.60;2.14;137.30
LE03;Cubillas de los Oteros;2002-12-18;1000;0.00;12.08;92.50;207.40;2.35;139.90
LE03;Cubillas de los Oteros;2002-12-18;1030;0.00;12.92;89.70;194.50;2.56;169.80
LE03;Cubillas de los Oteros;2002-12-18;1100;0.00;13.62;86.40;235.70;2.51;169.00
LE03;Cubillas de los Oteros;2002-12-18;1130;0.00;13.82;83.00;203.50;2.73;179.80
LE03;Cubillas de los Oteros;2002-12-18;1200;0.00;14.13;80.30;252.80;2.96;173.80
LE03;Cubillas de los Oteros;2002-12-18;1230;0.00;14.55;75.30;343.40;3.23;182.00
LE03;Cubillas de los Oteros;2002-12-18;1300;0.00;14.61;73.90;263.60;2.86;186.30
LE03;Cubillas de los Oteros;2002-12-18;1330;0.00;14.27;75.70;184.80;2.52;178.80
LE03;Cubillas de los Oteros;2002-12-18;1400;0.00;14.10;77.20;148.00;2.04;162.60
LE03;Cubillas de los Oteros;2002-12-18;1430;0.00;14.01;80.60;115.50;2.47;156.40
LE03;Cubillas de los Oteros;2002-12-18;1500;0.20;13.15;86.40;50.04;1.11;178.70
LE03;Cubillas de los Oteros;2002-12-18;1530;0.00;13.56;86.00;120.20;1.21;150.90
LE03;Cubillas de los Oteros;2002-12-18;1600;0.00;13.57;82.20;26.10;0.74;122.10
LE03;Cubillas de los Oteros;2002-12-18;1630;0.00;12.89;85.50;3.36;0.59;62.04
LE03;Cubillas de los Oteros;2002-12-18;1700;0.00;12.36;87.40;0.32;1.10;111.70
LE03;Cubillas de los Oteros;2002-12-18;1730;0.20;11.91;87.30;0.00;0.68;101.50
LE03;Cubillas de los Oteros;2002-12-18;1800;0.00;11.63;89.20;0.00;0.81;125.70
LE03;Cubillas de los Oteros;2002-12-18;1830;0.00;11.57;90.50;0.00;1.15;85.60
LE03;Cubillas de los Oteros;2002-12-18;1900;0.00;11.37;91.00;0.00;1.30;76.50
LE03;Cubillas de los Oteros;2002-12-18;1930;0.00;11.15;91.20;0.00;1.58;84.20
LE03;Cubillas de los Oteros;2002-12-18;2000;0.00;11.35;90.30;0.00;2.44;106.20
LE03;Cubillas de los Oteros;2002-12-18;2030;0.00;11.44;89.60;0.00;2.27;133.80
LE03;Cubillas de los Oteros;2002-12-18;2100;0.00;11.81;88.30;0.00;2.14;155.00
LE03;Cubillas de los Oteros;2002-12-18;2130;0.00;11.44;88.50;0.00;2.01;177.90
LE03;Cubillas de los Oteros;2002-12-18;2200;0.20;10.99;88.70;0.00;1.52;181.40
LE03;Cubillas de los Oteros;2002-12-18;2230;0.20;10.60;90.30;0.00;1.06;178.00
LE03;Cubillas de los Oteros;2002-12-18;2300;0.00;10.20;91.60;0.00;0.69;161.30
LE03;Cubillas de los Oteros;2002-12-18;2330;0.00;9.75;92.30;0.00;0.40;205.50
LE03;Cubillas de los Oteros;2002-12-18;2400;0.00;9.47;92.70;0.00;0.04;150.80
LE04;Zotes del Paramo;2002-12-18;0030;0.80;10.23;94.80;0.00;1.98;167.30
LE04;Zotes del Paramo;2002-12-18;0100;0.20;10.59;94.70;0.00;1.73;167.40
LE04;Zotes del Paramo;2002-12-18;0130;0.00;10.45;94.70;0.00;1.60;150.40
LE04;Zotes del Paramo;2002-12-18;0200;0.00;10.22;94.70;0.00;0.95;138.00
LE04;Zotes del Paramo;2002-12-18;0230;0.00;10.18;94.70;0.00;0.79;136.60
LE04;Zotes del Paramo;2002-12-18;0300;0.00;9.95;94.70;0.00;0.69;130.10
LE04;Zotes del Paramo;2002-12-18;0330;0.00;9.84;94.70;0.00;0.82;148.80
LE04;Zotes del Paramo;2002-12-18;0400;0.00;9.78;94.90;0.00;1.93;157.70
LE04;Zotes del Paramo;2002-12-18;0430;0.00;9.71;94.80;0.00;2.05;164.00
LE04;Zotes del Paramo;2002-12-18;0500;0.00;9.80;94.80;0.00;1.62;159.40
LE04;Zotes del Paramo;2002-12-18;0530;0.00;9.94;95.00;0.00;1.57;153.40
LE04;Zotes del Paramo;2002-12-18;0600;0.40;10.12;95.00;0.00;1.70;150.90
LE04;Zotes del Paramo;2002-12-18;0630;0.00;10.09;95.00;0.00;1.90;154.90
LE04;Zotes del Paramo;2002-12-18;0700;0.20;10.14;95.00;0.00;2.00;156.50
LE04;Zotes del Paramo;2002-12-18;0730;0.00;10.14;95.00;0.64;2.33;162.00
LE04;Zotes del Paramo;2002-12-18;0800;0.00;10.41;95.00;20.50;2.46;161.70
LE04;Zotes del Paramo;2002-12-18;0830;0.00;10.43;95.00;79.60;2.34;161.90
LE04;Zotes del Paramo;2002-12-18;0900;0.00;10.77;94.90;114.80;2.20;160.30
LE04;Zotes del Paramo;2002-12-18;0930;0.00;11.30;94.80;160.50;2.44;156.30
LE04;Zotes del Paramo;2002-12-18;1000;0.00;11.73;94.50;180.60;2.68;174.00
LE04;Zotes del Paramo;2002-12-18;1030;0.00;12.09;93.60;176.00;2.70;180.90
LE04;Zotes del Paramo;2002-12-18;1100;0.00;12.96;90.40;292.70;3.35;187.30
LE04;Zotes del Paramo;2002-12-18;1130;0.00;13.12;86.40;320.80;3.14;191.80
LE04;Zotes del Paramo;2002-12-18;1200;0.00;13.80;80.50;415.90;3.60;194.10
LE04;Zotes del Paramo;2002-12-18;1230;0.00;14.28;77.00;368.30;3.35;191.60
LE04;Zotes del Paramo;2002-12-18;1300;0.00;14.16;76.30;318.20;3.03;189.00
LE04;Zotes del Paramo;2002-12-18;1330;0.00;13.99;77.60;200.10;2.73;174.10
LE04;Zotes del Paramo;2002-12-18;1400;0.00;14.04;79.80;267.00;2.83;166.20
LE04;Zotes del Paramo;2002-12-18;1430;0.80;12.93;84.20;96.10;2.58;169.20
LE04;Zotes del Paramo;2002-12-18;1500;0.20;12.95;88.70;219.20;1.71;156.60
LE04;Zotes del Paramo;2002-12-18;1530;0.00;13.33;83.90;78.80;1.66;157.30
LE04;Zotes del Paramo;2002-12-18;1600;0.00;13.00;86.10;31.60;1.27;134.30
LE04;Zotes del Paramo;2002-12-18;1630;0.00;12.32;87.40;6.06;0.91;137.50
LE04;Zotes del Paramo;2002-12-18;1700;0.20;12.01;89.20;0.17;1.36;145.10
LE04;Zotes del Paramo;2002-12-18;1730;0.40;11.76;90.70;0.00;1.41;142.10
LE04;Zotes del Paramo;2002-12-18;1800;0.20;11.48;91.60;0.00;0.90;109.80
LE04;Zotes del Paramo;2002-12-18;1830;0.00;11.14;92.00;0.00;0.96;99.20
LE04;Zotes del Paramo;2002-12-18;1900;0.00;10.82;92.30;0.00;1.33;85.00
LE04;Zotes del Paramo;2002-12-18;1930;0.00;10.69;92.80;0.00;1.60;91.10
LE04;Zotes del Paramo;2002-12-18;2000;0.00;10.87;92.90;0.00;1.56;145.60
LE04;Zotes del Paramo;2002-12-18;2030;0.00;11.09;92.50;0.00;2.25;177.80
LE04;Zotes del Paramo;2002-12-18;2100;0.00;10.80;91.90;0.00;2.28;185.50
LE04;Zotes del Paramo;2002-12-18;2130;0.40;10.69;91.70;0.00;1.78;183.70
LE04;Zotes del Paramo;2002-12-18;2200;0.20;10.33;92.30;0.00;1.22;192.60
LE04;Zotes del Paramo;2002-12-18;2230;0.00;10.02;92.40;0.00;0.79;183.40
LE04;Zotes del Paramo;2002-12-18;2300;0.00;9.66;92.90;0.00;0.86;156.30
LE04;Zotes del Paramo;2002-12-18;2330;0.20;9.64;93.20;0.00;1.16;138.20
LE04;Zotes del Paramo;2002-12-18;2400;0.00;9.62;93.40;0.00;1.28;165.20
LE05;Quintana del Marco;2002-12-18;0030;1.20;10.48;95.10;0.00;0.30;119.70
LE05;Quintana del Marco;2002-12-18;0100;0.20;10.67;95.00;0.00;0.66;147.40
LE05;Quintana del Marco;2002-12-18;0130;0.00;10.78;95.20;0.00;0.74;140.00
LE05;Quintana del Marco;2002-12-18;0200;0.00;10.54;95.10;0.00;0.68;131.60
LE05;Quintana del Marco;2002-12-18;0230;0.00;10.31;95.10;0.00;0.90;109.40
LE05;Quintana del Marco;2002-12-18;0300;0.00;10.13;95.10;0.00;1.06;107.10
LE05;Quintana del Marco;2002-12-18;0330;0.00;9.98;95.10;0.00;0.70;122.80
LE05;Quintana del Marco;2002-12-18;0400;0.00;10.00;95.20;0.00;0.88;133.50
LE05;Quintana del Marco;2002-12-18;0430;0.00;10.11;95.20;0.00;0.95;132.80
LE05;Quintana del Marco;2002-12-18;0500;0.00;9.95;95.20;0.00;0.71;146.50
LE05;Quintana del Marco;2002-12-18;0530;0.00;9.51;95.10;0.00;0.50;128.70
LE05;Quintana del Marco;2002-12-18;0600;0.40;9.94;95.20;0.00;0.85;139.90
LE05;Quintana del Marco;2002-12-18;0630;0.20;10.20;95.20;0.00;1.00;136.20
LE05;Quintana del Marco;2002-12-18;0700;0.00;10.18;95.20;0.00;1.40;130.60
LE05;Quintana del Marco;2002-12-18;0730;0.00;10.29;95.30;0.86;1.35;130.90
LE05;Quintana del Marco;2002-12-18;0800;0.00;10.36;95.30;18.30;1.01;132.80
LE05;Quintana del Marco;2002-12-18;0830;0.00;10.36;95.30;34.26;0.97;135.90
LE05;Quintana del Marco;2002-12-18;0900;0.00;10.97;95.40;94.60;1.30;144.60
LE05;Quintana del Marco;2002-12-18;0930;0.00;11.63;95.30;118.40;1.46;135.10
LE05;Quintana del Marco;2002-12-18;1000;0.00;11.95;95.30;193.70;1.47;146.70
LE05;Quintana del Marco;2002-12-18;1030;0.00;12.16;94.80;148.00;1.39;164.70
LE05;Quintana del Marco;2002-12-18;1100;0.00;12.96;93.50;243.60;1.49;162.30
LE05;Quintana del Marco;2002-12-18;1130;0.00;14.01;87.40;375.40;1.46;157.80
LE05;Quintana del Marco;2002-12-18;1200;0.00;14.43;80.50;312.90;1.67;167.30
LE05;Quintana del Marco;2002-12-18;1230;0.00;14.83;76.10;321.40;1.62;163.70
LE05;Quintana del Marco;2002-12-18;1300;0.00;14.89;74.70;308.20;1.46;164.80
LE05;Quintana del Marco;2002-12-18;1330;0.00;14.61;75.60;220.10;1.58;154.60
LE05;Quintana del Marco;2002-12-18;1400;0.20;14.68;75.90;196.20;1.62;151.10
LE05;Quintana del Marco;2002-12-18;1430;0.40;13.28;87.60;139.50;1.48;136.70
LE05;Quintana del Marco;2002-12-18;1500;0.00;13.27;89.00;131.20;1.15;138.40
LE05;Quintana del Marco;2002-12-18;1530;0.00;13.11;87.10;67.68;0.91;138.10
LE05;Quintana del Marco;2002-12-18;1600;0.00;13.04;86.90;30.39;1.38;117.60
LE05;Quintana del Marco;2002-12-18;1630;0.00;12.53;88.00;4.26;1.34;115.20
LE05;Quintana del Marco;2002-12-18;1700;0.00;12.38;89.60;0.20;1.54;113.80
LE05;Quintana del Marco;2002-12-18;1730;1.20;12.11;91.20;0.00;1.54;109.30
LE05;Quintana del Marco;2002-12-18;1800;0.00;11.89;92.10;0.00;0.85;83.30
LE05;Quintana del Marco;2002-12-18;1830;0.00;11.64;92.60;0.00;0.33;128.30
LE05;Quintana del Marco;2002-12-18;1900;0.00;11.31;93.00;0.00;0.64;115.80
LE05;Quintana del Marco;2002-12-18;1930;0.20;11.20;93.20;0.00;0.46;153.10
LE05;Quintana del Marco;2002-12-18;2000;0.00;11.11;93.40;0.00;0.46;140.10
LE05;Quintana del Marco;2002-12-18;2030;0.00;11.01;93.50;0.00;0.71;145.90
LE05;Quintana del Marco;2002-12-18;2100;0.40;10.94;93.50;0.00;0.78;162.70
LE05;Quintana del Marco;2002-12-18;2130;0.40;10.65;93.40;0.00;0.68;174.50
LE05;Quintana del Marco;2002-12-18;2200;0.00;10.29;93.40;0.00;0.34;187.00
LE05;Quintana del Marco;2002-12-18;2230;0.00;10.00;93.50;0.00;0.36;120.70
LE05;Quintana del Marco;2002-12-18;2300;0.00;9.84;93.60;0.00;0.50;114.80
LE05;Quintana del Marco;2002-12-18;2330;0.00;9.77;93.60;0.00;0.56;111.00
LE05;Quintana del Marco;2002-12-18;2400;0.00;9.35;93.60;0.00;0.48;130.90
LE06;Hospital de Orbigo;2002-12-18;0030;0.00;9.75;100.00;0.00;1.20;96.90
LE06;Hospital de Orbigo;2002-12-18;0100;0.00;9.95;100.00;0.00;0.93;85.10
LE06;Hospital de Orbigo;2002-12-18;0130;1.80;9.98;100.00;0.00;0.86;83.10
LE06;Hospital de Orbigo;2002-12-18;0200;1.00;10.09;100.00;0.00;0.69;74.70
LE06;Hospital de Orbigo;2002-12-18;0230;0.00;10.22;100.00;0.00;0.45;167.60
LE06;Hospital de Orbigo;2002-12-18;0300;0.00;10.16;100.00;0.00;0.91;167.40
LE06;Hospital de Orbigo;2002-12-18;0330;0.00;10.13;100.00;0.00;0.90;158.50
LE06;Hospital de Orbigo;2002-12-18;0400;0.00;9.93;100.00;0.00;0.72;124.30
LE06;Hospital de Orbigo;2002-12-18;0430;0.00;9.93;100.00;0.00;0.67;93.60
LE06;Hospital de Orbigo;2002-12-18;0500;0.00;9.82;100.00;0.00;0.57;104.80
LE06;Hospital de Orbigo;2002-12-18;0530;0.00;9.93;100.00;0.00;1.23;122.10
LE06;Hospital de Orbigo;2002-12-18;0600;0.20;9.89;100.00;0.00;1.63;122.60
LE06;Hospital de Orbigo;2002-12-18;0630;0.60;10.02;100.00;0.00;2.26;126.40
LE06;Hospital de Orbigo;2002-12-18;0700;0.40;10.18;100.00;0.00;2.05;131.60
LE06;Hospital de Orbigo;2002-12-18;0730;0.00;10.22;100.00;0.23;1.99;128.90
LE06;Hospital de Orbigo;2002-12-18;0800;0.80;10.29;100.00;18.36;2.60;145.60
LE06;Hospital de Orbigo;2002-12-18;0830;0.00;10.49;100.00;55.65;2.76;144.40
LE06;Hospital de Orbigo;2002-12-18;0900;0.00;10.72;100.00;61.09;2.55;151.60
LE06;Hospital de Orbigo;2002-12-18;0930;0.00;10.92;100.00;137.80;2.52;140.40
LE06;Hospital de Orbigo;2002-12-18;1000;0.00;11.62;99.90;278.20;2.46;141.00
LE06;Hospital de Orbigo;2002-12-18;1030;0.00;12.79;96.70;423.40;3.09;151.00
LE06;Hospital de Orbigo;2002-12-18;1100;0.00;12.78;91.50;169.90;2.81;149.90
LE06;Hospital de Orbigo;2002-12-18;1130;0.00;12.73;90.90;274.60;2.91;139.30
LE06;Hospital de Orbigo;2002-12-18;1200;0.00;12.93;88.80;111.30;2.21;149.30
LE06;Hospital de Orbigo;2002-12-18;1230;0.00;12.91;87.40;163.10;2.24;157.20
LE06;Hospital de Orbigo;2002-12-18;1300;0.00;13.95;81.50;313.40;2.07;163.20
LE06;Hospital de Orbigo;2002-12-18;1330;0.00;13.74;80.90;142.00;1.97;157.30
LE06;Hospital de Orbigo;2002-12-18;1400;0.00;13.43;81.70;153.90;1.74;143.10
LE06;Hospital de Orbigo;2002-12-18;1430;0.00;13.27;82.40;62.87;1.36;114.30
LE06;Hospital de Orbigo;2002-12-18;1500;0.00;13.16;85.00;123.50;2.39;124.90
LE06;Hospital de Orbigo;2002-12-18;1530;0.00;12.93;86.30;123.40;2.65;140.20
LE06;Hospital de Orbigo;2002-12-18;1600;0.00;12.21;87.40;40.40;1.11;107.50
LE06;Hospital de Orbigo;2002-12-18;1630;0.00;11.24;90.00;8.32;0.11;78.00
LE06;Hospital de Orbigo;2002-12-18;1700;0.00;10.35;93.60;0.26;0.26;13.98
LE06;Hospital de Orbigo;2002-12-18;1730;0.40;10.74;95.40;0.00;1.02;68.20
LE06;Hospital de Orbigo;2002-12-18;1800;0.80;10.94;96.80;0.00;1.63;101.80
LE06;Hospital de Orbigo;2002-12-18;1830;1.20;11.10;97.60;0.00;1.33;98.50
LE06;Hospital de Orbigo;2002-12-18;1900;0.00;10.83;98.00;0.00;0.58;59.09
LE06;Hospital de Orbigo;2002-12-18;1930;3.60;10.67;98.40;0.00;0.45;304.90
LE06;Hospital de Orbigo;2002-12-18;2000;1.80;10.65;98.60;0.00;0.55;96.50
LE06;Hospital de Orbigo;2002-12-18;2030;0.00;10.97;98.60;0.00;1.98;151.20
LE06;Hospital de Orbigo;2002-12-18;2100;0.00;11.21;96.70;0.00;2.00;143.00
LE06;Hospital de Orbigo;2002-12-18;2130;0.00;10.85;97.20;0.00;1.95;143.90
LE06;Hospital de Orbigo;2002-12-18;2200;0.40;10.56;97.10;0.00;1.28;157.50
LE06;Hospital de Orbigo;2002-12-18;2230;0.20;10.15;97.30;0.00;0.20;169.00
LE06;Hospital de Orbigo;2002-12-18;2300;0.00;9.77;97.90;0.00;0.22;101.10
LE06;Hospital de Orbigo;2002-12-18;2330;0.00;9.77;98.50;0.00;1.07;124.20
LE06;Hospital de Orbigo;2002-12-18;2400;0.00;9.64;98.30;0.00;0.67;138.90
LE07;Bustillo del Paramo;2002-12-18;0030;0.00;10.08;92.00;0.00;1.01;88.20
LE07;Bustillo del Paramo;2002-12-18;0100;0.80;10.01;92.00;0.00;1.50;69.18
LE07;Bustillo del Paramo;2002-12-18;0130;0.80;10.19;91.90;0.00;1.75;88.40
LE07;Bustillo del Paramo;2002-12-18;0200;0.20;10.15;92.10;0.00;0.86;8.07
LE07;Bustillo del Paramo;2002-12-18;0230;0.00;10.15;92.00;0.00;1.02;135.40
LE07;Bustillo del Paramo;2002-12-18;0300;0.00;10.30;92.00;0.00;1.16;149.00
LE07;Bustillo del Paramo;2002-12-18;0330;0.00;10.28;92.00;0.00;1.46;149.30
LE07;Bustillo del Paramo;2002-12-18;0400;0.00;9.84;92.00;0.00;1.13;120.70
LE07;Bustillo del Paramo;2002-12-18;0430;0.00;9.75;92.00;0.00;0.89;82.90
LE07;Bustillo del Paramo;2002-12-18;0500;0.00;9.82;92.00;0.00;1.56;104.30
LE07;Bustillo del Paramo;2002-12-18;0530;0.00;9.82;92.10;0.00;1.51;108.50
LE07;Bustillo del Paramo;2002-12-18;0600;0.00;9.79;92.00;0.00;1.83;109.40
LE07;Bustillo del Paramo;2002-12-18;0630;1.00;9.75;92.10;0.00;1.94;112.40
LE07;Bustillo del Paramo;2002-12-18;0700;0.00;9.84;92.00;0.00;2.25;119.50
LE07;Bustillo del Paramo;2002-12-18;0730;0.00;10.11;91.80;0.00;2.48;134.20
LE07;Bustillo del Paramo;2002-12-18;0800;0.60;10.17;91.70;0.00;2.56;138.60
LE07;Bustillo del Paramo;2002-12-18;0830;0.00;10.44;91.40;40.95;2.67;138.90
LE07;Bustillo del Paramo;2002-12-18;0900;0.00;10.39;91.30;53.02;2.31;137.10
LE07;Bustillo del Paramo;2002-12-18;0930;0.00;10.77;91.00;130.00;2.06;135.90
LE07;Bustillo del Paramo;2002-12-18;1000;0.00;11.64;90.70;195.30;2.37;144.40
LE07;Bustillo del Paramo;2002-12-18;1030;0.00;11.95;90.60;257.40;2.95;153.00
LE07;Bustillo del Paramo;2002-12-18;1100;0.00;11.96;90.10;40.74;2.76;152.80
LE07;Bustillo del Paramo;2002-12-18;1130;0.00;11.74;89.10;0.00;2.42;158.70
LE07;Bustillo del Paramo;2002-12-18;1200;0.00;12.52;86.70;84.40;2.66;154.90
LE07;Bustillo del Paramo;2002-12-18;1230;0.00;12.58;82.40;110.30;2.86;161.50
LE07;Bustillo del Paramo;2002-12-18;1300;0.00;13.14;77.70;48.38;2.77;167.70
LE07;Bustillo del Paramo;2002-12-18;1330;0.00;12.78;76.60;14.26;2.22;157.10
LE07;Bustillo del Paramo;2002-12-18;1400;0.00;12.65;78.00;0.00;1.72;126.70
LE07;Bustillo del Paramo;2002-12-18;1430;0.00;12.87;77.30;0.00;2.70;136.00
LE07;Bustillo del Paramo;2002-12-18;1500;0.00;12.79;78.60;0.00;2.93;129.90
LE07;Bustillo del Paramo;2002-12-18;1530;0.00;12.41;80.60;0.00;2.69;137.40
LE07;Bustillo del Paramo;2002-12-18;1600;0.00;11.56;80.40;0.00;1.52;116.30
LE07;Bustillo del Paramo;2002-12-18;1630;0.00;10.16;83.60;0.00;0.92;57.81
LE07;Bustillo del Paramo;2002-12-18;1700;0.00;9.81;85.80;0.00;0.89;110.40
LE07;Bustillo del Paramo;2002-12-18;1730;0.80;10.84;86.40;0.00;1.68;87.00
LE07;Bustillo del Paramo;2002-12-18;1800;0.80;10.77;86.90;0.00;1.82;92.70
LE07;Bustillo del Paramo;2002-12-18;1830;0.40;10.70;87.40;0.00;1.79;89.90
LE07;Bustillo del Paramo;2002-12-18;1900;0.00;10.45;87.60;0.00;1.59;77.40
LE07;Bustillo del Paramo;2002-12-18;1930;0.60;10.39;87.80;0.00;1.88;70.30
LE07;Bustillo del Paramo;2002-12-18;2000;0.00;10.52;87.70;0.00;2.24;75.60
LE07;Bustillo del Paramo;2002-12-18;2030;0.00;10.57;87.60;0.00;2.61;97.90
LE07;Bustillo del Paramo;2002-12-18;2100;0.00;10.63;87.30;0.83;2.19;143.00
LE07;Bustillo del Paramo;2002-12-18;2130;0.00;10.23;87.10;0.56;2.29;156.20
LE07;Bustillo del Paramo;2002-12-18;2200;0.40;9.94;87.00;0.00;1.08;168.70
LE07;Bustillo del Paramo;2002-12-18;2230;0.00;9.68;87.30;0.00;0.28;117.70
LE07;Bustillo del Paramo;2002-12-18;2300;0.00;9.37;87.50;0.00;0.78;113.90
LE07;Bustillo del Paramo;2002-12-18;2330;0.20;9.19;87.80;0.00;1.03;108.40
LE07;Bustillo del Paramo;2002-12-18;2400;0.00;9.06;88.20;0.00;1.07;109.70
LE08;Sahagun;2002-12-18;0030;0.00;9.12;93.50;0.00;1.29;126.80
LE08;Sahagun;2002-12-18;0100;0.00;9.41;93.60;0.00;1.09;148.00
LE08;Sahagun;2002-12-18;0130;0.00;9.52;93.70;0.00;1.31;143.70
LE08;Sahagun;2002-12-18;0200;0.00;9.54;93.60;0.00;1.35;136.90
LE08;Sahagun;2002-12-18;0230;0.00;9.54;93.70;0.00;1.38;144.90
LE08;Sahagun;2002-12-18;0300;0.00;9.59;93.80;0.00;1.53;152.70
LE08;Sahagun;2002-12-18;0330;0.00;9.46;93.80;0.00;1.91;158.20
LE08;Sahagun;2002-12-18;0400;0.00;9.50;93.80;0.00;1.69;143.10
LE08;Sahagun;2002-12-18;0430;0.00;9.41;93.70;0.00;1.23;140.60
LE08;Sahagun;2002-12-18;0500;0.60;9.77;93.80;0.00;1.55;152.50
LE08;Sahagun;2002-12-18;0530;0.40;9.61;93.70;0.00;1.57;157.10
LE08;Sahagun;2002-12-18;0600;0.40;9.61;93.70;0.00;1.53;156.50
LE08;Sahagun;2002-12-18;0630;0.00;9.68;93.90;0.00;1.89;155.60
LE08;Sahagun;2002-12-18;0700;0.20;9.67;93.90;0.00;1.80;153.10
LE08;Sahagun;2002-12-18;0730;0.00;9.56;94.00;0.79;2.01;150.90
LE08;Sahagun;2002-12-18;0800;0.00;9.45;94.10;9.13;1.92;141.20
LE08;Sahagun;2002-12-18;0830;0.00;9.39;94.10;25.52;1.84;134.30
LE08;Sahagun;2002-12-18;0900;0.20;9.52;94.20;52.73;2.11;134.00
LE08;Sahagun;2002-12-18;0930;0.00;9.88;94.30;94.90;1.76;146.20
LE08;Sahagun;2002-12-18;1000;0.00;10.49;94.10;208.30;2.45;146.80
LE08;Sahagun;2002-12-18;1030;0.00;11.45;93.60;257.20;2.52;150.30
LE08;Sahagun;2002-12-18;1100;0.00;11.94;89.30;122.60;2.42;177.40
LE08;Sahagun;2002-12-18;1130;0.00;12.34;87.20;140.50;2.14;181.30
LE08;Sahagun;2002-12-18;1200;0.00;12.74;84.30;164.80;1.92;203.00
LE08;Sahagun;2002-12-18;1230;0.00;12.92;82.20;139.70;1.79;214.40
LE08;Sahagun;2002-12-18;1300;0.00;12.96;82.50;101.10;1.62;198.60
LE08;Sahagun;2002-12-18;1330;0.00;12.84;83.10;65.65;1.79;186.50
LE08;Sahagun;2002-12-18;1400;0.00;12.76;83.70;82.80;1.57;180.10
LE08;Sahagun;2002-12-18;1430;0.00;12.90;82.00;178.70;0.92;193.80
LE08;Sahagun;2002-12-18;1500;0.00;13.36;79.60;104.70;1.73;163.90
LE08;Sahagun;2002-12-18;1530;0.00;12.66;80.10;47.01;2.27;172.60
LE08;Sahagun;2002-12-18;1600;0.00;12.04;82.20;36.59;0.67;155.10
LE08;Sahagun;2002-12-18;1630;0.00;11.48;85.00;7.97;0.45;92.00
LE08;Sahagun;2002-12-18;1700;0.00;11.02;87.20;0.36;0.23;26.83
LE08;Sahagun;2002-12-18;1730;0.00;10.72;89.30;0.00;0.62;60.31
LE08;Sahagun;2002-12-18;1800;0.00;10.32;89.50;0.00;1.02;73.20
LE08;Sahagun;2002-12-18;1830;0.00;10.42;88.80;0.00;1.61;92.30
LE08;Sahagun;2002-12-18;1900;0.00;10.64;88.90;0.00;1.35;83.50
LE08;Sahagun;2002-12-18;1930;0.00;10.75;89.20;0.00;1.27;107.50
LE08;Sahagun;2002-12-18;2000;0.00;10.86;88.90;0.00;2.46;120.00
LE08;Sahagun;2002-12-18;2030;0.00;10.75;89.50;0.00;1.93;118.90
LE08;Sahagun;2002-12-18;2100;0.20;10.62;90.40;0.00;1.40;151.40
LE08;Sahagun;2002-12-18;2130;0.00;10.61;90.60;0.00;1.64;168.30
LE08;Sahagun;2002-12-18;2200;0.80;10.44;90.90;0.00;2.16;193.90
LE08;Sahagun;2002-12-18;2230;0.20;10.23;92.10;0.00;1.34;230.20
LE08;Sahagun;2002-12-18;2300;0.00;9.87;92.30;0.00;1.04;152.80
LE08;Sahagun;2002-12-18;2330;0.00;9.54;92.70;0.00;0.68;146.10
LE08;Sahagun;2002-12-18;2400;0.20;9.30;92.90;0.00;0.22;251.80
LE09;Santas Martas;2002-12-18;0030;0.00;9.94;93.60;0.00;2.19;113.80
LE09;Santas Martas;2002-12-18;0100;0.60;10.07;93.70;0.00;2.15;142.10
LE09;Santas Martas;2002-12-18;0130;0.00;10.09;93.70;0.00;1.77;126.10
LE09;Santas Martas;2002-12-18;0200;0.00;9.85;93.70;0.00;1.76;113.90
LE09;Santas Martas;2002-12-18;0230;0.00;9.76;93.80;0.00;1.71;108.30
LE09;Santas Martas;2002-12-18;0300;0.00;9.74;93.80;0.00;1.89;116.10
LE09;Santas Martas;2002-12-18;0330;0.00;9.76;93.80;0.00;1.96;107.50
LE09;Santas Martas;2002-12-18;0400;0.20;9.87;93.80;0.00;2.05;118.00
LE09;Santas Martas;2002-12-18;0430;0.00;9.80;93.90;0.00;2.00;121.80
LE09;Santas Martas;2002-12-18;0500;0.20;9.85;93.90;0.00;2.05;128.40
LE09;Santas Martas;2002-12-18;0530;0.00;9.83;93.90;0.00;2.23;130.70
LE09;Santas Martas;2002-12-18;0600;0.20;9.94;93.90;0.00;2.43;132.70
LE09;Santas Martas;2002-12-18;0630;0.00;10.00;93.90;0.00;2.70;139.20
LE09;Santas Martas;2002-12-18;0700;0.20;10.02;94.00;0.00;2.82;145.50
LE09;Santas Martas;2002-12-18;0730;0.40;9.91;94.00;0.96;3.00;136.10
LE09;Santas Martas;2002-12-18;0800;0.00;9.96;94.00;9.93;2.80;132.20
LE09;Santas Martas;2002-12-18;0830;0.00;9.96;94.00;33.38;2.57;124.10
LE09;Santas Martas;2002-12-18;0900;0.00;10.11;94.10;55.71;3.09;129.30
LE09;Santas Martas;2002-12-18;0930;0.00;10.38;94.10;88.20;2.74;126.40
LE09;Santas Martas;2002-12-18;1000;0.00;10.96;94.10;200.30;2.88;125.30
LE09;Santas Martas;2002-12-18;1030;0.00;11.23;94.00;150.80;3.26;150.50
LE09;Santas Martas;2002-12-18;1100;0.00;11.83;94.00;197.10;2.59;162.80
LE09;Santas Martas;2002-12-18;1130;0.00;12.35;93.40;198.70;2.61;165.60
LE09;Santas Martas;2002-12-18;1200;0.00;12.88;90.30;317.60;2.80;161.90
LE09;Santas Martas;2002-12-18;1230;0.00;13.48;83.20;247.50;3.53;180.80
LE09;Santas Martas;2002-12-18;1300;0.00;13.28;82.10;135.70;3.04;189.20
LE09;Santas Martas;2002-12-18;1330;0.00;13.21;82.10;109.60;2.71;186.90
LE09;Santas Martas;2002-12-18;1400;0.00;13.21;82.70;90.00;2.61;166.60
LE09;Santas Martas;2002-12-18;1430;0.00;12.77;86.20;97.00;2.62;152.80
LE09;Santas Martas;2002-12-18;1500;0.00;12.84;85.90;70.80;1.49;147.40
LE09;Santas Martas;2002-12-18;1530;0.00;12.95;84.50;95.20;2.38;150.00
LE09;Santas Martas;2002-12-18;1600;0.00;12.90;83.70;49.73;1.30;145.30
LE09;Santas Martas;2002-12-18;1630;0.00;12.05;86.00;5.34;1.06;121.10
LE09;Santas Martas;2002-12-18;1700;0.00;11.51;88.60;0.51;1.36;109.40
LE09;Santas Martas;2002-12-18;1730;0.00;10.85;89.80;0.00;1.51;96.40
LE09;Santas Martas;2002-12-18;1800;0.00;10.72;90.70;0.00;1.52;92.40
LE09;Santas Martas;2002-12-18;1830;0.20;10.67;91.10;0.00;1.67;93.00
LE09;Santas Martas;2002-12-18;1900;0.00;10.67;90.60;0.00;2.09;84.50
LE09;Santas Martas;2002-12-18;1930;0.00;10.49;90.40;0.00;2.38;85.60
LE09;Santas Martas;2002-12-18;2000;0.00;10.69;90.60;0.00;2.46;91.00
LE09;Santas Martas;2002-12-18;2030;0.00;10.74;91.00;0.00;2.36;101.00
LE09;Santas Martas;2002-12-18;2100;0.00;10.94;90.70;0.00;2.59;128.70
LE09;Santas Martas;2002-12-18;2130;0.20;10.94;91.00;0.00;3.13;148.40
LE09;Santas Martas;2002-12-18;2200;0.00;10.71;91.60;0.00;2.72;169.80
LE09;Santas Martas;2002-12-18;2230;0.60;10.38;91.60;0.00;2.78;168.60
LE09;Santas Martas;2002-12-18;2300;0.60;9.93;91.90;0.00;1.30;164.40
LE09;Santas Martas;2002-12-18;2330;0.00;9.64;92.10;0.00;1.08;189.30
LE09;Santas Martas;2002-12-18;2400;0.00;9.42;92.30;0.00;0.99;151.80
P01;Torquemada;2002-12-18;0030;0.00;10.15;94.50;0.00;0.21;56.91
P01;Torquemada;2002-12-18;0100;0.00;9.43;95.00;0.00;0.52;331.80
P01;Torquemada;2002-12-18;0130;0.00;9.89;95.30;0.00;0.16;3.82
P01;Torquemada;2002-12-18;0200;0.00;9.82;95.40;0.00;0.42;256.90
P01;Torquemada;2002-12-18;0230;0.20;9.47;95.40;0.00;0.36;356.40
P01;Torquemada;2002-12-18;0300;0.60;9.90;95.50;0.00;0.71;269.50
P01;Torquemada;2002-12-18;0330;0.20;10.18;95.40;0.00;0.28;290.20
P01;Torquemada;2002-12-18;0400;0.00;10.00;95.30;0.00;0.53;266.10
P01;Torquemada;2002-12-18;0430;0.00;9.69;95.40;0.00;0.29;305.60
P01;Torquemada;2002-12-18;0500;0.20;9.62;95.40;0.00;0.06;346.60
P01;Torquemada;2002-12-18;0530;0.00;9.11;95.40;0.00;0.26;355.70
P01;Torquemada;2002-12-18;0600;0.00;9.25;95.60;0.00;0.47;270.70
P01;Torquemada;2002-12-18;0630;0.20;9.45;95.60;0.00;0.11;322.30
P01;Torquemada;2002-12-18;0700;0.00;9.41;95.50;0.00;0.13;81.80
P01;Torquemada;2002-12-18;0730;0.20;9.21;95.60;0.83;0.18;35.23
P01;Torquemada;2002-12-18;0800;0.00;9.38;95.70;5.08;0.00;0.00
P01;Torquemada;2002-12-18;0830;0.00;9.32;95.70;18.52;0.37;31.44
P01;Torquemada;2002-12-18;0900;0.00;10.01;95.80;53.05;0.61;31.37
P01;Torquemada;2002-12-18;0930;0.00;10.43;95.80;79.90;1.26;28.78
P01;Torquemada;2002-12-18;1000;0.00;11.03;95.80;177.60;1.28;50.50
P01;Torquemada;2002-12-18;1030;0.00;11.87;95.50;223.60;1.42;73.00
P01;Torquemada;2002-12-18;1100;0.00;12.71;92.80;319.90;1.15;71.00
P01;Torquemada;2002-12-18;1130;0.00;13.28;89.90;154.30;0.76;88.10
P01;Torquemada;2002-12-18;1200;0.00;13.78;89.20;259.00;0.59;92.10
P01;Torquemada;2002-12-18;1230;0.00;14.39;83.70;183.80;0.51;122.80
P01;Torquemada;2002-12-18;1300;0.00;14.79;78.20;190.60;0.51;180.20
P01;Torquemada;2002-12-18;1330;0.00;15.45;74.40;238.50;0.76;122.10
P01;Torquemada;2002-12-18;1400;0.00;15.41;73.40;145.80;0.74;136.40
P01;Torquemada;2002-12-18;1430;0.00;15.83;72.60;166.00;1.00;150.40
P01;Torquemada;2002-12-18;1500;0.00;15.54;74.60;120.00;0.65;153.40
P01;Torquemada;2002-12-18;1530;0.00;15.78;74.20;92.50;0.69;194.50
P01;Torquemada;2002-12-18;1600;0.00;15.23;78.10;53.01;0.30;125.10
P01;Torquemada;2002-12-18;1630;0.00;14.23;83.20;12.57;0.22;60.51
P01;Torquemada;2002-12-18;1700;0.00;13.07;86.60;0.68;0.33;55.57
P01;Torquemada;2002-12-18;1730;0.00;12.21;89.90;0.00;0.53;42.88
P01;Torquemada;2002-12-18;1800;0.00;11.66;90.60;0.00;0.66;20.99
P01;Torquemada;2002-12-18;1830;0.00;11.64;91.50;0.00;1.14;43.35
P01;Torquemada;2002-12-18;1900;0.00;11.78;90.90;0.00;1.17;35.65
P01;Torquemada;2002-12-18;1930;0.00;11.95;89.30;0.00;1.07;71.60
P01;Torquemada;2002-12-18;2000;0.00;11.31;90.60;0.00;0.48;8.42
P01;Torquemada;2002-12-18;2030;0.00;11.18;91.00;0.00;0.88;25.83
P01;Torquemada;2002-12-18;2100;0.00;11.23;90.90;0.00;0.34;353.10
P01;Torquemada;2002-12-18;2130;0.00;11.25;90.50;0.00;0.35;17.39
P01;Torquemada;2002-12-18;2200;0.20;11.11;91.30;0.00;0.39;4.29
P01;Torquemada;2002-12-18;2230;0.00;10.98;92.00;0.00;0.54;68.37
P01;Torquemada;2002-12-18;2300;0.20;11.31;90.00;0.00;0.29;65.11
P01;Torquemada;2002-12-18;2330;0.00;11.31;90.10;0.00;0.35;182.80
P01;Torquemada;2002-12-18;2400;0.00;11.09;91.30;0.00;1.09;231.00
P02;Villamuriel de Cerrato;2002-12-18;0030;0.00;11.06;92.10;0.00;0.98;192.30
P02;Villamuriel de Cerrato;2002-12-18;0100;0.00;10.66;92.30;0.00;0.42;68.04
P02;Villamuriel de Cerrato;2002-12-18;0130;0.00;10.51;92.70;0.00;0.88;169.60
P02;Villamuriel de Cerrato;2002-12-18;0200;0.00;10.64;92.50;0.00;0.54;162.60
P02;Villamuriel de Cerrato;2002-12-18;0230;0.00;10.42;92.30;0.00;0.48;166.40
P02;Villamuriel de Cerrato;2002-12-18;0300;0.60;10.44;92.50;0.00;0.64;89.60
P02;Villamuriel de Cerrato;2002-12-18;0330;0.20;10.42;92.90;0.00;0.48;64.33
P02;Villamuriel de Cerrato;2002-12-18;0400;0.00;10.51;93.00;0.00;0.51;172.90
P02;Villamuriel de Cerrato;2002-12-18;0430;0.00;10.22;93.10;0.00;0.57;136.10
P02;Villamuriel de Cerrato;2002-12-18;0500;0.00;10.09;93.30;0.00;0.85;140.30
P02;Villamuriel de Cerrato;2002-12-18;0530;0.20;10.22;93.30;0.01;0.12;199.10
P02;Villamuriel de Cerrato;2002-12-18;0600;0.20;10.37;93.40;0.00;0.16;174.40
P02;Villamuriel de Cerrato;2002-12-18;0630;0.20;10.40;93.40;0.00;0.48;168.20
P02;Villamuriel de Cerrato;2002-12-18;0700;0.00;10.24;93.50;0.00;0.58;133.80
P02;Villamuriel de Cerrato;2002-12-18;0730;0.20;9.97;93.50;0.49;0.36;126.20
P02;Villamuriel de Cerrato;2002-12-18;0800;0.00;10.13;93.60;3.18;0.53;124.20
P02;Villamuriel de Cerrato;2002-12-18;0830;0.00;10.22;93.80;22.39;0.86;145.20
P02;Villamuriel de Cerrato;2002-12-18;0900;0.00;10.39;93.80;38.70;0.26;36.70
P02;Villamuriel de Cerrato;2002-12-18;0930;0.00;10.93;93.90;116.30;0.20;20.70
P02;Villamuriel de Cerrato;2002-12-18;1000;0.00;11.58;93.90;179.20;0.49;160.80
P02;Villamuriel de Cerrato;2002-12-18;1030;0.00;13.02;92.50;253.40;0.92;150.10
P02;Villamuriel de Cerrato;2002-12-18;1100;0.00;13.73;86.20;251.40;1.46;202.50
P02;Villamuriel de Cerrato;2002-12-18;1130;0.00;14.30;82.30;324.60;1.85;203.90
P02;Villamuriel de Cerrato;2002-12-18;1200;0.00;15.14;77.70;292.40;1.69;195.50
P02;Villamuriel de Cerrato;2002-12-18;1230;0.00;14.98;75.40;192.50;1.26;181.50
P02;Villamuriel de Cerrato;2002-12-18;1300;0.00;15.40;74.00;235.30;1.33;189.40
P02;Villamuriel de Cerrato;2002-12-18;1330;0.00;15.93;71.90;260.80;1.28;194.80
P02;Villamuriel de Cerrato;2002-12-18;1400;0.00;15.98;72.70;180.40;1.28;200.20
P02;Villamuriel de Cerrato;2002-12-18;1430;0.00;16.29;71.50;216.80;1.11;212.50
P02;Villamuriel de Cerrato;2002-12-18;1500;0.00;16.33;70.40;162.80;1.69;212.70
P02;Villamuriel de Cerrato;2002-12-18;1530;0.00;15.69;71.70;104.00;1.22;191.10
P02;Villamuriel de Cerrato;2002-12-18;1600;0.00;15.52;73.80;57.61;0.44;153.30
P02;Villamuriel de Cerrato;2002-12-18;1630;0.00;13.42;81.00;12.94;0.81;123.30
P02;Villamuriel de Cerrato;2002-12-18;1700;0.00;12.41;85.10;0.60;1.04;120.90
P02;Villamuriel de Cerrato;2002-12-18;1730;0.00;12.61;84.40;0.00;0.73;127.60
P02;Villamuriel de Cerrato;2002-12-18;1800;0.00;12.37;84.60;0.01;0.63;143.10
P02;Villamuriel de Cerrato;2002-12-18;1830;0.00;12.39;83.80;0.02;0.77;135.20
P02;Villamuriel de Cerrato;2002-12-18;1900;0.00;12.50;82.50;0.00;1.08;129.30
P02;Villamuriel de Cerrato;2002-12-18;1930;0.00;12.55;80.70;0.00;1.08;140.60
P02;Villamuriel de Cerrato;2002-12-18;2000;0.00;12.15;82.20;0.00;0.76;138.70
P02;Villamuriel de Cerrato;2002-12-18;2030;0.00;12.15;82.80;0.00;0.93;155.90
P02;Villamuriel de Cerrato;2002-12-18;2100;0.40;12.22;84.00;0.00;1.79;196.40
P02;Villamuriel de Cerrato;2002-12-18;2130;0.00;12.51;83.70;0.00;2.33;208.40
P02;Villamuriel de Cerrato;2002-12-18;2200;0.00;12.61;82.80;0.00;1.55;209.20
P02;Villamuriel de Cerrato;2002-12-18;2230;0.20;12.35;85.70;0.00;1.47;203.80
P02;Villamuriel de Cerrato;2002-12-18;2300;0.00;12.08;87.70;0.00;1.02;217.80
P02;Villamuriel de Cerrato;2002-12-18;2330;0.00;11.51;90.60;0.00;1.66;218.50
P02;Villamuriel de Cerrato;2002-12-18;2400;0.20;11.42;91.90;0.00;2.44;216.50
P03;Fuentes de Nava;2002-12-18;0030;0.20;10.33;98.00;0.00;0.55;185.60
P03;Fuentes de Nava;2002-12-18;0100;0.00;10.33;98.30;0.00;0.82;178.20
P03;Fuentes de Nava;2002-12-18;0130;0.00;10.68;97.50;0.00;1.34;170.90
P03;Fuentes de Nava;2002-12-18;0200;0.00;10.32;97.20;0.00;1.26;165.70
P03;Fuentes de Nava;2002-12-18;0230;0.00;10.00;97.40;0.00;1.19;180.10
P03;Fuentes de Nava;2002-12-18;0300;1.40;10.49;97.10;0.00;1.65;183.80
P03;Fuentes de Nava;2002-12-18;0330;0.60;10.57;97.60;0.00;0.63;155.70
P03;Fuentes de Nava;2002-12-18;0400;0.20;10.37;98.20;0.00;0.52;136.60
P03;Fuentes de Nava;2002-12-18;0430;0.20;10.00;98.40;0.00;0.60;60.19
P03;Fuentes de Nava;2002-12-18;0500;1.80;10.20;98.90;0.00;0.71;152.70
P03;Fuentes de Nava;2002-12-18;0530;1.40;10.31;98.90;0.00;0.32;143.10
P03;Fuentes de Nava;2002-12-18;0600;0.60;10.19;99.00;0.00;0.79;139.40
P03;Fuentes de Nava;2002-12-18;0630;0.20;9.79;99.00;0.00;0.89;119.20
P03;Fuentes de Nava;2002-12-18;0700;0.40;9.73;99.20;0.00;1.05;118.60
P03;Fuentes de Nava;2002-12-18;0730;0.00;9.69;99.30;0.43;1.32;136.50
P03;Fuentes de Nava;2002-12-18;0800;0.20;9.62;99.40;5.30;0.80;124.20
P03;Fuentes de Nava;2002-12-18;0830;0.00;9.82;99.50;24.64;0.72;151.20
P03;Fuentes de Nava;2002-12-18;0900;0.00;10.45;99.60;51.33;0.95;145.70
P03;Fuentes de Nava;2002-12-18;0930;0.00;10.95;99.60;86.80;0.60;150.00
P03;Fuentes de Nava;2002-12-18;1000;0.00;12.09;99.10;241.60;0.92;147.50
P03;Fuentes de Nava;2002-12-18;1030;0.00;13.60;93.30;299.30;1.66;194.40
P03;Fuentes de Nava;2002-12-18;1100;0.00;14.22;87.90;329.10;2.03;198.40
P03;Fuentes de Nava;2002-12-18;1130;0.00;14.99;84.80;336.00;2.48;197.00
P03;Fuentes de Nava;2002-12-18;1200;0.00;15.10;83.00;373.20;2.98;186.50
P03;Fuentes de Nava;2002-12-18;1230;0.00;15.07;81.80;375.50;3.02;180.00
P03;Fuentes de Nava;2002-12-18;1300;0.00;15.05;81.20;224.80;2.66;174.10
P03;Fuentes de Nava;2002-12-18;1330;0.00;15.00;80.20;237.60;2.26;168.30
P03;Fuentes de Nava;2002-12-18;1400;0.00;15.14;80.90;177.00;1.73;164.70
P03;Fuentes de Nava;2002-12-18;1430;0.00;15.23;80.40;173.70;1.25;145.70
P03;Fuentes de Nava;2002-12-18;1500;0.00;15.58;77.80;127.30;1.33;172.30
P03;Fuentes de Nava;2002-12-18;1530;0.00;14.97;82.30;52.49;0.90;156.80
P03;Fuentes de Nava;2002-12-18;1600;0.00;14.00;90.10;36.59;0.62;118.70
P03;Fuentes de Nava;2002-12-18;1630;0.00;12.67;93.00;10.24;0.52;108.20
P03;Fuentes de Nava;2002-12-18;1700;0.00;12.03;95.30;0.36;0.28;109.90
P03;Fuentes de Nava;2002-12-18;1730;0.00;11.61;95.50;0.00;0.61;161.90
P03;Fuentes de Nava;2002-12-18;1800;0.00;10.61;95.70;0.00;0.87;95.70
P03;Fuentes de Nava;2002-12-18;1830;0.20;10.35;96.90;0.00;0.68;100.20
P03;Fuentes de Nava;2002-12-18;1900;0.00;10.88;96.80;0.00;0.88;113.60
P03;Fuentes de Nava;2002-12-18;1930;0.00;11.06;96.50;0.00;0.94;115.50
P03;Fuentes de Nava;2002-12-18;2000;0.00;10.82;96.50;0.00;0.70;113.30
P03;Fuentes de Nava;2002-12-18;2030;0.00;11.02;96.50;0.00;0.98;143.30
P03;Fuentes de Nava;2002-12-18;2100;0.00;11.79;91.70;0.00;1.67;176.30
P03;Fuentes de Nava;2002-12-18;2130;0.20;11.37;92.80;0.00;1.01;186.40
P03;Fuentes de Nava;2002-12-18;2200;0.20;11.15;95.20;0.00;1.55;203.60
P03;Fuentes de Nava;2002-12-18;2230;0.20;11.26;96.50;0.00;1.56;223.70
P03;Fuentes de Nava;2002-12-18;2300;0.20;10.92;97.40;0.00;0.71;174.10
P03;Fuentes de Nava;2002-12-18;2330;0.20;10.57;97.70;0.00;0.58;154.60
P03;Fuentes de Nava;2002-12-18;2400;0.20;10.57;98.20;0.00;0.39;147.60
P04;Villoldo;2002-12-18;0030;0.00;9.13;72.50;0.00;0.46;178.50
P04;Villoldo;2002-12-18;0100;0.00;9.13;72.80;0.00;0.33;158.50
P04;Villoldo;2002-12-18;0130;0.00;8.84;73.20;0.00;0.46;85.60
P04;Villoldo;2002-12-18;0200;0.00;8.78;73.50;0.00;0.59;89.00
P04;Villoldo;2002-12-18;0230;0.00;8.82;73.60;0.00;0.76;92.90
P04;Villoldo;2002-12-18;0300;0.00;8.33;73.90;0.00;0.25;87.40
P04;Villoldo;2002-12-18;0330;0.00;8.15;73.90;0.00;0.77;129.30
P04;Villoldo;2002-12-18;0400;1.20;9.03;73.60;0.00;1.63;184.60
P04;Villoldo;2002-12-18;0430;0.20;9.13;73.70;0.00;0.69;159.40
P04;Villoldo;2002-12-18;0500;0.20;8.98;73.80;0.00;1.08;149.30
P04;Villoldo;2002-12-18;0530;1.80;9.32;73.60;0.00;1.33;190.40
P04;Villoldo;2002-12-18;0600;1.40;9.52;73.80;0.00;0.38;170.00
P04;Villoldo;2002-12-18;0630;1.20;9.45;73.70;0.00;0.68;64.18
P04;Villoldo;2002-12-18;0700;0.40;9.35;73.80;0.00;1.08;137.90
P04;Villoldo;2002-12-18;0730;0.20;9.02;74.00;0.79;0.95;141.50
P04;Villoldo;2002-12-18;0800;0.20;8.73;74.20;6.48;0.68;90.90
P04;Villoldo;2002-12-18;0830;0.00;8.76;74.10;32.78;0.38;94.70
P04;Villoldo;2002-12-18;0900;0.00;9.18;73.80;45.11;0.87;124.80
P04;Villoldo;2002-12-18;0930;0.00;9.63;73.70;76.00;1.52;121.80
P04;Villoldo;2002-12-18;1000;0.00;10.37;73.10;189.70;1.48;140.20
P04;Villoldo;2002-12-18;1030;0.00;11.58;71.70;261.40;1.51;165.10
P04;Villoldo;2002-12-18;1100;0.00;12.72;66.27;324.80;2.17;208.10
P04;Villoldo;2002-12-18;1130;0.00;13.01;64.00;201.50;2.68;205.60
P04;Villoldo;2002-12-18;1200;0.00;13.27;63.30;292.90;2.57;206.80
P04;Villoldo;2002-12-18;1230;0.00;13.25;61.89;260.30;1.73;206.10
P04;Villoldo;2002-12-18;1300;0.00;13.58;60.12;152.50;2.01;183.60
P04;Villoldo;2002-12-18;1330;0.20;13.34;62.34;130.00;2.26;166.90
P04;Villoldo;2002-12-18;1400;0.00;13.43;59.39;209.50;1.84;162.20
P04;Villoldo;2002-12-18;1430;0.00;13.92;58.20;171.90;1.93;158.60
P04;Villoldo;2002-12-18;1500;0.00;13.76;58.51;118.20;1.64;164.20
P04;Villoldo;2002-12-18;1530;0.00;13.59;59.19;94.00;0.93;179.40
P04;Villoldo;2002-12-18;1600;0.00;13.58;60.66;46.09;0.51;117.30
P04;Villoldo;2002-12-18;1630;0.00;12.28;65.39;10.28;0.75;22.43
P04;Villoldo;2002-12-18;1700;0.00;11.09;68.50;0.64;0.65;94.20
P04;Villoldo;2002-12-18;1730;0.00;10.14;69.39;0.00;1.16;48.98
P04;Villoldo;2002-12-18;1800;0.00;10.14;69.60;0.00;1.22;60.70
P04;Villoldo;2002-12-18;1830;0.00;10.03;70.10;0.00;1.51;53.35
P04;Villoldo;2002-12-18;1900;0.00;10.07;70.30;0.00;1.14;73.20
P04;Villoldo;2002-12-18;1930;0.00;10.36;69.41;0.00;1.57;112.90
P04;Villoldo;2002-12-18;2000;0.00;10.34;68.95;0.00;1.26;121.00
P04;Villoldo;2002-12-18;2030;0.00;10.09;69.44;0.00;1.26;141.80
P04;Villoldo;2002-12-18;2100;0.00;9.73;70.00;0.00;1.06;153.90
P04;Villoldo;2002-12-18;2130;0.00;9.35;70.70;0.00;0.97;162.90
P04;Villoldo;2002-12-18;2200;0.00;9.90;70.30;0.00;1.53;192.80
P04;Villoldo;2002-12-18;2230;0.00;10.16;69.24;0.00;1.11;190.40
P04;Villoldo;2002-12-18;2300;0.20;10.21;69.56;0.00;1.86;210.90
P04;Villoldo;2002-12-18;2330;0.20;10.00;70.40;0.00;1.50;193.60
P04;Villoldo;2002-12-18;2400;0.00;9.69;70.90;0.00;1.06;205.80
P05;Lantadilla;2002-12-18;0030;0.00;9.97;90.10;0.00;1.12;219.60
P05;Lantadilla;2002-12-18;0100;0.00;9.75;90.60;0.00;0.52;246.60
P05;Lantadilla;2002-12-18;0130;0.20;8.95;91.30;0.00;0.17;2.35
P05;Lantadilla;2002-12-18;0200;0.00;8.76;91.80;0.00;0.06;0.39
P05;Lantadilla;2002-12-18;0230;0.00;8.69;92.00;0.00;0.46;11.00
P05;Lantadilla;2002-12-18;0300;0.00;8.54;92.40;0.02;0.51;0.79
P05;Lantadilla;2002-12-18;0330;0.00;8.43;92.60;0.01;0.35;321.50
P05;Lantadilla;2002-12-18;0400;0.00;8.63;92.70;0.02;0.11;332.40
P05;Lantadilla;2002-12-18;0430;0.00;8.41;92.80;0.02;0.69;336.60
P05;Lantadilla;2002-12-18;0500;0.40;8.70;93.10;0.02;0.15;100.00
P05;Lantadilla;2002-12-18;0530;0.20;8.85;93.10;0.02;0.11;39.35
P05;Lantadilla;2002-12-18;0600;1.00;8.48;93.20;0.01;0.24;245.70
P05;Lantadilla;2002-12-18;0630;0.60;9.41;93.50;0.02;1.09;202.20
P05;Lantadilla;2002-12-18;0700;1.00;9.76;93.50;0.00;1.55;196.30
P05;Lantadilla;2002-12-18;0730;0.80;9.98;93.50;0.32;1.74;197.80
P05;Lantadilla;2002-12-18;0800;0.40;9.93;93.40;6.98;1.53;189.10
P05;Lantadilla;2002-12-18;0830;0.00;9.89;93.50;35.82;1.38;180.20
P05;Lantadilla;2002-12-18;0900;0.00;10.11;93.40;69.00;1.33;175.20
P05;Lantadilla;2002-12-18;0930;0.00;10.40;93.30;73.30;1.37;180.30
P05;Lantadilla;2002-12-18;1000;0.20;10.60;93.00;115.60;1.41;167.80
P05;Lantadilla;2002-12-18;1030;0.00;11.27;92.20;195.50;1.68;175.80
P05;Lantadilla;2002-12-18;1100;0.00;12.26;88.60;264.50;1.41;182.00
P05;Lantadilla;2002-12-18;1130;0.00;13.21;84.20;365.20;1.63;212.60
P05;Lantadilla;2002-12-18;1200;0.00;13.56;81.50;239.00;2.61;227.90
P05;Lantadilla;2002-12-18;1230;0.00;13.67;81.20;236.60;2.26;226.10
P05;Lantadilla;2002-12-18;1300;0.00;13.64;81.00;185.70;1.70;220.10
P05;Lantadilla;2002-12-18;1330;0.00;13.89;78.90;225.60;2.65;216.20
P05;Lantadilla;2002-12-18;1400;0.00;13.97;77.70;212.30;2.22;206.10
P05;Lantadilla;2002-12-18;1430;0.00;14.11;78.30;259.90;1.94;200.60
P05;Lantadilla;2002-12-18;1500;0.00;14.37;74.70;239.30;1.62;201.00
P05;Lantadilla;2002-12-18;1530;0.00;14.75;73.70;155.90;1.16;161.90
P05;Lantadilla;2002-12-18;1600;0.00;14.26;74.40;40.52;0.57;133.70
P05;Lantadilla;2002-12-18;1630;0.00;13.54;78.50;13.42;0.55;94.10
P05;Lantadilla;2002-12-18;1700;0.00;12.28;82.80;0.51;0.39;360.00
P05;Lantadilla;2002-12-18;1730;0.00;11.19;87.50;0.00;0.27;109.90
P05;Lantadilla;2002-12-18;1800;0.00;11.94;85.80;0.00;0.40;122.70
P05;Lantadilla;2002-12-18;1830;0.00;11.59;85.80;0.00;0.29;106.40
P05;Lantadilla;2002-12-18;1900;0.00;11.55;85.70;0.00;0.49;151.70
P05;Lantadilla;2002-12-18;1930;0.00;11.71;84.20;0.00;1.17;165.40
P05;Lantadilla;2002-12-18;2000;0.00;11.79;83.30;0.00;1.26;168.90
P05;Lantadilla;2002-12-18;2030;0.00;11.57;83.20;0.00;1.29;153.30
P05;Lantadilla;2002-12-18;2100;0.00;11.41;83.20;0.00;1.44;167.60
P05;Lantadilla;2002-12-18;2130;0.00;11.15;84.10;0.00;0.97;163.50
P05;Lantadilla;2002-12-18;2200;0.00;11.06;84.70;0.00;1.20;182.50
P05;Lantadilla;2002-12-18;2230;0.00;10.93;84.70;0.00;1.34;167.60
P05;Lantadilla;2002-12-18;2300;0.00;10.99;85.80;0.00;1.36;202.00
P05;Lantadilla;2002-12-18;2330;0.20;10.48;86.90;0.00;0.72;155.30
P05;Lantadilla;2002-12-18;2400;0.00;10.35;86.90;0.00;0.72;160.90
P06;Herrera de Pisuerga;2002-12-18;0030;0.00;8.94;94.50;0.00;0.20;135.30
P06;Herrera de Pisuerga;2002-12-18;0100;0.00;8.62;94.50;0.00;0.45;354.70
P06;Herrera de Pisuerga;2002-12-18;0130;0.00;8.42;94.70;0.00;0.41;97.00
P06;Herrera de Pisuerga;2002-12-18;0200;0.00;8.60;94.70;0.00;0.08;210.90
P06;Herrera de Pisuerga;2002-12-18;0230;0.20;8.56;94.80;0.00;0.21;219.00
P06;Herrera de Pisuerga;2002-12-18;0300;0.00;8.76;94.80;0.00;0.35;250.60
P06;Herrera de Pisuerga;2002-12-18;0330;0.00;8.85;94.90;0.00;0.19;103.00
P06;Herrera de Pisuerga;2002-12-18;0400;0.00;8.60;94.90;0.00;0.43;358.50
P06;Herrera de Pisuerga;2002-12-18;0430;0.00;8.33;94.90;0.00;0.36;350.10
P06;Herrera de Pisuerga;2002-12-18;0500;0.20;8.24;94.90;0.00;0.32;355.50
P06;Herrera de Pisuerga;2002-12-18;0530;0.80;8.29;95.00;0.00;0.12;208.60
P06;Herrera de Pisuerga;2002-12-18;0600;0.40;8.13;95.00;0.00;0.45;204.60
P06;Herrera de Pisuerga;2002-12-18;0630;0.20;8.22;95.00;0.00;0.44;172.80
P06;Herrera de Pisuerga;2002-12-18;0700;0.40;8.34;95.10;0.00;0.48;170.00
P06;Herrera de Pisuerga;2002-12-18;0730;0.40;8.13;95.10;0.19;0.15;228.00
P06;Herrera de Pisuerga;2002-12-18;0800;0.60;8.20;95.20;3.10;0.16;358.00
P06;Herrera de Pisuerga;2002-12-18;0830;0.40;8.43;95.30;25.27;0.12;289.60
P06;Herrera de Pisuerga;2002-12-18;0900;0.00;9.35;95.30;41.04;0.24;118.30
P06;Herrera de Pisuerga;2002-12-18;0930;0.00;9.71;95.40;89.70;0.70;162.10
P06;Herrera de Pisuerga;2002-12-18;1000;0.00;10.30;95.40;135.70;0.42;165.80
P06;Herrera de Pisuerga;2002-12-18;1030;0.00;10.99;95.30;161.90;0.37;153.30
P06;Herrera de Pisuerga;2002-12-18;1100;0.00;11.80;95.30;214.00;1.10;170.00
P06;Herrera de Pisuerga;2002-12-18;1130;0.00;12.84;91.00;308.90;1.59;184.00
P06;Herrera de Pisuerga;2002-12-18;1200;0.00;13.45;85.50;223.50;2.17;211.20
P06;Herrera de Pisuerga;2002-12-18;1230;0.00;12.98;86.80;173.20;1.94;219.10
P06;Herrera de Pisuerga;2002-12-18;1300;0.00;13.77;84.10;241.10;2.83;210.90
P06;Herrera de Pisuerga;2002-12-18;1330;0.00;14.08;81.40;227.40;2.62;212.30
P06;Herrera de Pisuerga;2002-12-18;1400;0.00;13.34;84.50;108.20;1.98;215.00
P06;Herrera de Pisuerga;2002-12-18;1430;0.00;13.59;85.50;137.60;1.64;204.60
P06;Herrera de Pisuerga;2002-12-18;1500;0.00;14.02;82.10;185.90;1.90;194.60
P06;Herrera de Pisuerga;2002-12-18;1530;0.00;13.90;81.00;119.00;1.55;185.30
P06;Herrera de Pisuerga;2002-12-18;1600;0.00;13.58;83.30;48.68;0.91;181.30
P06;Herrera de Pisuerga;2002-12-18;1630;0.00;13.13;83.70;12.83;0.54;123.10
P06;Herrera de Pisuerga;2002-12-18;1700;0.00;11.75;87.60;0.33;0.71;8.61
P06;Herrera de Pisuerga;2002-12-18;1730;0.00;10.34;91.60;0.00;0.58;346.20
P06;Herrera de Pisuerga;2002-12-18;1800;0.00;9.90;92.90;0.00;0.30;309.60
P06;Herrera de Pisuerga;2002-12-18;1830;0.00;9.87;93.40;0.00;0.18;277.70
P06;Herrera de Pisuerga;2002-12-18;1900;0.00;9.73;93.50;0.00;0.19;312.80
P06;Herrera de Pisuerga;2002-12-18;1930;0.00;9.57;93.70;0.02;0.24;56.82
P06;Herrera de Pisuerga;2002-12-18;2000;0.00;9.39;94.00;0.00;0.35;319.80
P06;Herrera de Pisuerga;2002-12-18;2030;0.00;8.98;94.00;0.00;0.06;158.30
P06;Herrera de Pisuerga;2002-12-18;2100;0.00;8.81;94.30;0.00;0.12;223.00
P06;Herrera de Pisuerga;2002-12-18;2130;0.00;9.13;94.40;0.02;0.33;151.90
P06;Herrera de Pisuerga;2002-12-18;2200;0.00;9.89;94.40;0.00;1.00;158.10
P06;Herrera de Pisuerga;2002-12-18;2230;0.00;10.45;93.10;0.00;1.33;156.70
P06;Herrera de Pisuerga;2002-12-18;2300;0.00;10.45;91.50;0.00;1.24;169.00
P06;Herrera de Pisuerga;2002-12-18;2330;0.00;10.45;91.00;0.00;1.25;182.70
P06;Herrera de Pisuerga;2002-12-18;2400;0.20;10.43;90.10;0.00;1.40;179.50
P07;Villaluenga de la Vega;2002-12-18;0030;0.20;9.63;94.40;0.02;0.25;135.50
P07;Villaluenga de la Vega;2002-12-18;0100;0.00;9.67;94.50;0.01;0.22;123.50
P07;Villaluenga de la Vega;2002-12-18;0130;0.00;9.72;94.50;0.01;0.52;133.40
P07;Villaluenga de la Vega;2002-12-18;0200;0.20;9.67;94.50;0.03;0.11;153.10
P07;Villaluenga de la Vega;2002-12-18;0230;0.40;9.67;94.50;0.01;0.26;170.20
P07;Villaluenga de la Vega;2002-12-18;0300;0.00;9.58;94.50;0.05;0.32;154.40
P07;Villaluenga de la Vega;2002-12-18;0330;0.00;9.67;94.60;0.03;0.29;165.50
P07;Villaluenga de la Vega;2002-12-18;0400;0.00;9.56;94.70;0.04;0.16;151.00
P07;Villaluenga de la Vega;2002-12-18;0430;0.00;9.56;94.70;0.02;0.15;129.70
P07;Villaluenga de la Vega;2002-12-18;0500;0.20;9.63;94.70;0.01;0.39;173.90
P07;Villaluenga de la Vega;2002-12-18;0530;0.20;9.56;94.60;0.02;0.50;172.40
P07;Villaluenga de la Vega;2002-12-18;0600;0.60;9.58;94.80;0.02;0.45;180.50
P07;Villaluenga de la Vega;2002-12-18;0630;0.00;9.60;94.70;0.01;0.55;168.90
P07;Villaluenga de la Vega;2002-12-18;0700;0.60;9.63;94.80;0.02;0.89;174.50
P07;Villaluenga de la Vega;2002-12-18;0730;0.40;9.65;94.70;0.37;0.88;177.70
P07;Villaluenga de la Vega;2002-12-18;0800;0.00;9.74;94.80;3.53;0.93;169.30
P07;Villaluenga de la Vega;2002-12-18;0830;0.00;9.71;94.90;15.89;0.84;165.10
P07;Villaluenga de la Vega;2002-12-18;0900;0.20;9.78;94.90;32.89;0.72;162.70
P07;Villaluenga de la Vega;2002-12-18;0930;0.00;10.03;94.90;48.81;0.82;162.50
P07;Villaluenga de la Vega;2002-12-18;1000;0.00;10.37;94.90;109.60;0.79;175.10
P07;Villaluenga de la Vega;2002-12-18;1030;0.00;10.81;94.90;107.60;0.93;201.70
P07;Villaluenga de la Vega;2002-12-18;1100;0.00;10.54;94.90;118.00;0.79;194.90
P07;Villaluenga de la Vega;2002-12-18;1130;0.00;10.80;94.90;97.10;0.56;170.70
P07;Villaluenga de la Vega;2002-12-18;1200;0.00;11.33;94.90;179.40;0.68;166.60
P07;Villaluenga de la Vega;2002-12-18;1230;0.00;11.71;94.70;177.90;0.62;184.70
P07;Villaluenga de la Vega;2002-12-18;1300;0.20;12.04;94.60;85.80;0.54;204.90
P07;Villaluenga de la Vega;2002-12-18;1330;0.00;12.07;94.20;103.80;0.89;261.30
P07;Villaluenga de la Vega;2002-12-18;1400;0.00;12.13;93.20;69.41;0.66;249.00
P07;Villaluenga de la Vega;2002-12-18;1430;0.00;12.45;92.10;111.20;0.69;238.40
P07;Villaluenga de la Vega;2002-12-18;1500;0.00;12.91;89.70;120.50;0.69;225.80
P07;Villaluenga de la Vega;2002-12-18;1530;0.00;12.76;88.00;60.07;0.82;194.30
P07;Villaluenga de la Vega;2002-12-18;1600;0.00;12.51;88.80;52.85;0.82;191.70
P07;Villaluenga de la Vega;2002-12-18;1630;0.00;11.59;88.60;9.08;0.17;180.50
P07;Villaluenga de la Vega;2002-12-18;1700;0.00;10.40;89.90;0.26;0.03;186.50
P07;Villaluenga de la Vega;2002-12-18;1730;0.00;8.77;90.70;0.03;0.05;173.30
P07;Villaluenga de la Vega;2002-12-18;1800;0.00;9.36;92.20;0.01;0.40;36.57
P07;Villaluenga de la Vega;2002-12-18;1830;0.00;9.22;92.70;0.04;0.00;0.00
P07;Villaluenga de la Vega;2002-12-18;1900;0.00;9.29;93.00;0.02;0.02;283.00
P07;Villaluenga de la Vega;2002-12-18;1930;0.00;9.47;93.20;0.02;0.08;243.60
P07;Villaluenga de la Vega;2002-12-18;2000;0.00;10.19;93.50;0.02;0.68;131.60
P07;Villaluenga de la Vega;2002-12-18;2030;0.00;10.74;93.40;0.04;0.73;158.90
P07;Villaluenga de la Vega;2002-12-18;2100;0.00;10.29;93.10;0.05;0.50;166.90
P07;Villaluenga de la Vega;2002-12-18;2130;0.00;9.83;93.10;0.03;0.54;166.10
P07;Villaluenga de la Vega;2002-12-18;2200;0.00;10.01;93.30;0.03;0.95;153.60
P07;Villaluenga de la Vega;2002-12-18;2230;2.40;10.16;93.30;0.03;1.42;188.10
P07;Villaluenga de la Vega;2002-12-18;2300;0.00;10.03;93.40;0.03;1.15;236.00
P07;Villaluenga de la Vega;2002-12-18;2330;0.00;9.74;93.40;0.01;0.25;246.70
P07;Villaluenga de la Vega;2002-12-18;2400;0.00;9.60;93.50;0.02;0.13;69.76
SA01;Ciudad Rodrigo;2002-12-18;0030;0.00;13.37;95.30;0.00;2.04;177.00
SA01;Ciudad Rodrigo;2002-12-18;0100;0.20;13.43;94.80;0.00;1.77;167.80
SA01;Ciudad Rodrigo;2002-12-18;0130;0.00;13.23;95.40;0.00;1.91;154.10
SA01;Ciudad Rodrigo;2002-12-18;0200;0.00;13.26;93.90;0.00;2.24;159.20
SA01;Ciudad Rodrigo;2002-12-18;0230;0.00;13.08;94.70;0.00;2.28;156.30
SA01;Ciudad Rodrigo;2002-12-18;0300;1.00;13.08;95.30;0.00;1.49;161.70
SA01;Ciudad Rodrigo;2002-12-18;0330;0.00;13.12;95.60;0.00;1.81;170.60
SA01;Ciudad Rodrigo;2002-12-18;0400;0.20;13.17;93.50;0.00;2.04;181.40
SA01;Ciudad Rodrigo;2002-12-18;0430;0.80;13.23;95.10;0.00;2.02;168.90
SA01;Ciudad Rodrigo;2002-12-18;0500;0.80;13.03;96.70;0.00;2.35;184.30
SA01;Ciudad Rodrigo;2002-12-18;0530;0.00;12.86;94.90;0.00;3.11;178.30
SA01;Ciudad Rodrigo;2002-12-18;0600;0.20;12.85;94.00;0.00;2.75;165.70
SA01;Ciudad Rodrigo;2002-12-18;0630;0.00;12.68;93.00;0.00;2.18;160.20
SA01;Ciudad Rodrigo;2002-12-18;0700;0.00;12.43;91.90;0.00;1.00;144.70
SA01;Ciudad Rodrigo;2002-12-18;0730;0.00;12.07;92.40;2.34;0.45;118.20
SA01;Ciudad Rodrigo;2002-12-18;0800;0.00;11.70;93.30;17.97;0.57;158.10
SA01;Ciudad Rodrigo;2002-12-18;0830;0.00;12.59;90.80;16.91;0.70;156.00
SA01;Ciudad Rodrigo;2002-12-18;0900;0.00;12.90;90.50;45.79;0.54;100.50
SA01;Ciudad Rodrigo;2002-12-18;0930;0.00;13.06;91.00;44.33;0.30;111.70
SA01;Ciudad Rodrigo;2002-12-18;1000;0.00;13.60;88.00;88.30;0.50;133.30
SA01;Ciudad Rodrigo;2002-12-18;1030;0.00;13.54;91.30;65.52;1.20;144.80
SA01;Ciudad Rodrigo;2002-12-18;1100;0.00;13.58;93.60;143.40;1.48;156.10
SA01;Ciudad Rodrigo;2002-12-18;1130;0.00;14.47;89.90;201.60;2.25;172.60
SA01;Ciudad Rodrigo;2002-12-18;1200;0.20;14.49;91.60;127.70;1.87;169.40
SA01;Ciudad Rodrigo;2002-12-18;1230;0.00;14.31;91.40;157.20;2.19;154.00
SA01;Ciudad Rodrigo;2002-12-18;1300;0.00;14.53;89.00;138.90;2.33;154.50
SA01;Ciudad Rodrigo;2002-12-18;1330;0.00;14.75;87.10;98.50;1.99;153.80
SA01;Ciudad Rodrigo;2002-12-18;1400;0.20;14.19;90.80;90.60;1.99;147.40
SA01;Ciudad Rodrigo;2002-12-18;1430;0.00;14.15;90.30;82.70;1.82;149.80
SA01;Ciudad Rodrigo;2002-12-18;1500;0.20;14.03;89.00;21.35;1.26;146.60
SA01;Ciudad Rodrigo;2002-12-18;1530;0.80;13.28;91.90;4.03;1.65;136.20
SA01;Ciudad Rodrigo;2002-12-18;1600;0.40;12.78;91.20;2.99;1.94;151.40
SA01;Ciudad Rodrigo;2002-12-18;1630;1.20;12.09;94.60;0.74;0.45;141.30
SA01;Ciudad Rodrigo;2002-12-18;1700;1.60;12.03;97.40;0.00;0.82;81.80
SA01;Ciudad Rodrigo;2002-12-18;1730;0.40;12.36;94.20;0.00;1.02;138.30
SA01;Ciudad Rodrigo;2002-12-18;1800;0.00;12.38;91.30;0.00;0.92;152.90
SA01;Ciudad Rodrigo;2002-12-18;1830;0.00;11.91;91.20;0.00;1.26;178.40
SA01;Ciudad Rodrigo;2002-12-18;1900;0.00;11.73;93.00;0.00;0.86;191.90
SA01;Ciudad Rodrigo;2002-12-18;1930;0.00;11.60;94.40;0.00;1.04;188.10
SA01;Ciudad Rodrigo;2002-12-18;2000;0.00;11.53;93.80;0.00;0.83;165.40
SA01;Ciudad Rodrigo;2002-12-18;2030;0.00;11.22;95.30;0.00;0.52;198.50
SA01;Ciudad Rodrigo;2002-12-18;2100;0.00;10.51;97.20;0.00;0.27;181.60
SA01;Ciudad Rodrigo;2002-12-18;2130;0.00;9.82;98.00;0.00;0.18;178.00
SA01;Ciudad Rodrigo;2002-12-18;2200;0.00;9.32;98.90;0.00;0.21;183.90
SA01;Ciudad Rodrigo;2002-12-18;2230;0.00;9.60;99.50;0.00;0.31;177.30
SA01;Ciudad Rodrigo;2002-12-18;2300;0.00;9.18;99.50;0.00;0.11;143.40
SA01;Ciudad Rodrigo;2002-12-18;2330;0.00;9.75;99.40;0.00;0.69;150.40
SA01;Ciudad Rodrigo;2002-12-18;2400;0.00;10.63;97.90;0.00;0.34;117.60
SA02;Aldearrubia;2002-12-18;0030;0.00;12.54;81.90;0.00;0.69;168.20
SA02;Aldearrubia;2002-12-18;0100;0.00;12.34;82.40;0.00;0.52;184.40
SA02;Aldearrubia;2002-12-18;0130;0.20;12.30;83.30;0.00;0.84;169.10
SA02;Aldearrubia;2002-12-18;0200;0.40;12.01;85.30;0.00;0.72;161.60
SA02;Aldearrubia;2002-12-18;0230;0.40;11.70;86.80;0.00;0.20;179.30
SA02;Aldearrubia;2002-12-18;0300;0.20;11.12;87.90;0.00;0.00;0.00
SA02;Aldearrubia;2002-12-18;0330;0.40;10.66;89.00;0.00;0.20;158.30
SA02;Aldearrubia;2002-12-18;0400;0.60;11.17;89.50;0.00;0.69;172.50
SA02;Aldearrubia;2002-12-18;0430;0.40;11.41;89.60;0.00;0.67;160.60
SA02;Aldearrubia;2002-12-18;0500;0.80;11.10;90.10;0.00;0.13;143.40
SA02;Aldearrubia;2002-12-18;0530;0.20;10.85;90.70;0.00;0.03;137.50
SA02;Aldearrubia;2002-12-18;0600;0.00;10.43;91.00;0.00;0.03;91.90
SA02;Aldearrubia;2002-12-18;0630;0.00;9.95;91.50;0.00;0.22;78.90
SA02;Aldearrubia;2002-12-18;0700;0.00;10.55;92.20;0.00;0.25;103.00
SA02;Aldearrubia;2002-12-18;0730;0.00;10.40;91.70;1.20;0.14;125.30
SA02;Aldearrubia;2002-12-18;0800;0.00;9.32;92.00;11.16;0.25;104.10
SA02;Aldearrubia;2002-12-18;0830;0.00;9.84;92.50;50.04;0.33;128.50
SA02;Aldearrubia;2002-12-18;0900;0.00;11.09;92.20;180.10;0.81;141.40
SA02;Aldearrubia;2002-12-18;0930;0.00;12.79;88.20;170.00;2.13;183.10
SA02;Aldearrubia;2002-12-18;1000;0.00;12.61;85.30;104.30;1.41;173.50
SA02;Aldearrubia;2002-12-18;1030;0.00;13.20;83.30;214.50;1.92;163.00
SA02;Aldearrubia;2002-12-18;1100;0.00;14.85;76.60;268.10;1.94;162.60
SA02;Aldearrubia;2002-12-18;1130;0.00;14.05;78.20;152.10;1.24;151.70
SA02;Aldearrubia;2002-12-18;1200;0.00;14.73;73.70;226.20;1.40;168.20
SA02;Aldearrubia;2002-12-18;1230;0.00;14.89;71.60;276.60;1.87;171.00
SA02;Aldearrubia;2002-12-18;1300;0.00;15.00;68.44;313.80;1.82;163.00
SA02;Aldearrubia;2002-12-18;1330;0.00;16.31;62.79;271.90;1.17;172.20
SA02;Aldearrubia;2002-12-18;1400;0.00;15.41;67.67;122.20;0.77;146.30
SA02;Aldearrubia;2002-12-18;1430;0.00;15.11;69.69;119.80;0.46;142.00
SA02;Aldearrubia;2002-12-18;1500;0.00;14.77;70.30;58.32;0.62;150.40
SA02;Aldearrubia;2002-12-18;1530;0.20;14.04;76.00;42.57;0.24;177.00
SA02;Aldearrubia;2002-12-18;1600;0.00;13.74;81.00;33.43;0.28;222.00
SA02;Aldearrubia;2002-12-18;1630;0.00;13.23;82.90;3.75;0.73;256.80
SA02;Aldearrubia;2002-12-18;1700;0.40;12.60;83.60;0.00;0.44;252.50
SA02;Aldearrubia;2002-12-18;1730;0.40;12.01;86.50;0.03;0.34;320.80
SA02;Aldearrubia;2002-12-18;1800;0.00;11.52;89.00;0.02;0.06;356.40
SA02;Aldearrubia;2002-12-18;1830;0.60;11.14;89.90;0.00;0.30;219.60
SA02;Aldearrubia;2002-12-18;1900;2.20;11.21;91.10;0.00;1.06;233.10
SA02;Aldearrubia;2002-12-18;1930;0.20;11.10;91.60;0.00;0.97;216.20
SA02;Aldearrubia;2002-12-18;2000;0.20;10.59;91.50;0.00;0.86;178.40
SA02;Aldearrubia;2002-12-18;2030;0.00;10.19;91.80;0.00;0.35;129.30
SA02;Aldearrubia;2002-12-18;2100;0.20;9.70;92.00;0.00;0.47;100.80
SA02;Aldearrubia;2002-12-18;2130;0.00;9.63;92.10;0.00;0.89;171.80
SA02;Aldearrubia;2002-12-18;2200;0.00;9.46;92.00;0.00;0.31;161.30
SA02;Aldearrubia;2002-12-18;2230;0.00;9.19;92.20;0.02;0.30;294.50
SA02;Aldearrubia;2002-12-18;2300;0.00;8.90;92.30;0.01;0.03;321.60
SA02;Aldearrubia;2002-12-18;2330;0.20;8.77;92.50;0.00;0.04;207.70
SA02;Aldearrubia;2002-12-18;2400;0.20;8.80;92.60;0.09;0.03;12.46
SG01;Gomezserracin;2002-12-18;0030;0.00;12.30;82.10;0.00;3.42;151.10
SG01;Gomezserracin;2002-12-18;0100;0.00;12.55;81.40;0.00;3.30;150.90
SG01;Gomezserracin;2002-12-18;0130;0.00;12.63;81.40;0.00;3.11;153.00
SG01;Gomezserracin;2002-12-18;0200;0.00;12.41;82.40;0.00;2.70;151.70
SG01;Gomezserracin;2002-12-18;0230;0.20;12.38;82.60;0.00;2.84;154.50
SG01;Gomezserracin;2002-12-18;0300;0.40;12.13;84.60;0.00;2.12;157.30
SG01;Gomezserracin;2002-12-18;0330;0.00;11.33;88.80;0.00;0.95;156.80
SG01;Gomezserracin;2002-12-18;0400;0.00;10.93;91.30;0.00;0.51;97.60
SG01;Gomezserracin;2002-12-18;0430;0.20;10.66;92.50;0.00;0.48;100.90
SG01;Gomezserracin;2002-12-18;0500;0.00;10.26;93.10;0.00;0.33;108.60
SG01;Gomezserracin;2002-12-18;0530;0.00;9.89;93.60;0.00;0.35;138.90
SG01;Gomezserracin;2002-12-18;0600;0.00;9.93;93.70;0.00;0.33;41.30
SG01;Gomezserracin;2002-12-18;0630;0.00;9.42;93.90;0.00;0.66;105.60
SG01;Gomezserracin;2002-12-18;0700;0.00;9.28;94.30;0.00;0.28;139.70
SG01;Gomezserracin;2002-12-18;0730;0.40;9.49;94.70;1.86;0.64;82.30
SG01;Gomezserracin;2002-12-18;0800;0.00;9.57;94.60;17.04;0.09;43.24
SG01;Gomezserracin;2002-12-18;0830;0.00;9.51;94.70;36.52;0.17;70.90
SG01;Gomezserracin;2002-12-18;0900;0.00;10.05;95.10;52.51;0.80;80.60
SG01;Gomezserracin;2002-12-18;0930;0.00;10.86;94.50;100.50;0.95;95.90
SG01;Gomezserracin;2002-12-18;1000;0.00;11.94;91.60;177.20;1.40;128.50
SG01;Gomezserracin;2002-12-18;1030;0.00;13.36;83.40;227.40;1.79;157.60
SG01;Gomezserracin;2002-12-18;1100;0.00;14.16;77.10;319.70;2.63;164.30
SG01;Gomezserracin;2002-12-18;1130;0.00;15.36;73.70;325.30;3.29;177.30
SG01;Gomezserracin;2002-12-18;1200;0.00;15.58;68.90;313.10;3.73;169.20
SG01;Gomezserracin;2002-12-18;1230;0.00;15.42;70.20;196.30;3.19;159.20
SG01;Gomezserracin;2002-12-18;1300;0.00;15.33;70.50;252.40;3.78;159.20
SG01;Gomezserracin;2002-12-18;1330;0.00;15.47;69.11;378.50;4.56;155.80
SG01;Gomezserracin;2002-12-18;1400;0.00;15.57;68.28;193.80;3.84;153.40
SG01;Gomezserracin;2002-12-18;1430;0.00;15.23;71.80;131.10;3.28;159.80
SG01;Gomezserracin;2002-12-18;1500;0.00;14.75;72.60;71.80;2.16;158.00
SG01;Gomezserracin;2002-12-18;1530;0.00;14.75;72.20;76.10;2.04;124.70
SG01;Gomezserracin;2002-12-18;1600;0.00;14.25;74.30;36.28;2.57;161.00
SG01;Gomezserracin;2002-12-18;1630;0.00;13.68;76.00;8.67;2.23;158.00
SG01;Gomezserracin;2002-12-18;1700;0.00;13.37;75.70;0.50;2.28;149.00
SG01;Gomezserracin;2002-12-18;1730;0.00;12.94;76.40;0.00;1.69;149.10
SG01;Gomezserracin;2002-12-18;1800;0.00;12.27;79.70;0.00;0.73;109.90
SG01;Gomezserracin;2002-12-18;1830;0.00;12.18;80.70;0.00;1.08;86.00
SG01;Gomezserracin;2002-12-18;1900;0.00;10.95;85.10;0.00;0.77;106.10
SG01;Gomezserracin;2002-12-18;1930;0.00;10.93;85.60;0.00;0.72;116.60
SG01;Gomezserracin;2002-12-18;2000;0.20;11.19;86.40;0.00;1.49;130.90
SG01;Gomezserracin;2002-12-18;2030;1.40;11.65;86.90;0.00;2.27;127.00
SG01;Gomezserracin;2002-12-18;2100;0.40;11.23;91.40;0.00;1.81;125.50
SG01;Gomezserracin;2002-12-18;2130;0.20;11.03;92.20;0.00;1.64;152.50
SG01;Gomezserracin;2002-12-18;2200;0.00;11.09;92.00;0.00;2.14;201.20
SG01;Gomezserracin;2002-12-18;2230;0.00;10.69;91.10;0.00;1.95;209.20
SG01;Gomezserracin;2002-12-18;2300;0.40;10.29;92.10;0.00;1.71;185.90
SG01;Gomezserracin;2002-12-18;2330;1.00;10.04;93.10;0.00;1.75;179.90
SG01;Gomezserracin;2002-12-18;2400;0.40;9.87;93.70;0.00;0.78;139.90
SG02;Nava de la Asuncion;2002-12-18;0030;0.00;12.29;82.20;0.00;2.93;142.90
SG02;Nava de la Asuncion;2002-12-18;0100;0.00;12.62;81.20;0.00;3.86;149.50
SG02;Nava de la Asuncion;2002-12-18;0130;0.00;12.52;82.20;0.00;4.28;153.30
SG02;Nava de la Asuncion;2002-12-18;0200;0.20;12.25;83.80;0.00;3.78;152.70
SG02;Nava de la Asuncion;2002-12-18;0230;0.00;12.05;83.90;0.00;2.43;146.30
SG02;Nava de la Asuncion;2002-12-18;0300;0.00;11.88;84.60;0.00;1.54;151.20
SG02;Nava de la Asuncion;2002-12-18;0330;0.00;11.81;84.70;0.00;0.49;183.10
SG02;Nava de la Asuncion;2002-12-18;0400;0.00;11.09;87.20;0.00;0.66;75.60
SG02;Nava de la Asuncion;2002-12-18;0430;0.00;10.74;89.80;0.00;1.07;135.00
SG02;Nava de la Asuncion;2002-12-18;0500;0.00;10.96;88.40;0.00;0.98;144.50
SG02;Nava de la Asuncion;2002-12-18;0530;0.00;10.85;88.20;0.00;0.55;245.40
SG02;Nava de la Asuncion;2002-12-18;0600;0.00;10.56;89.00;0.00;0.60;154.80
SG02;Nava de la Asuncion;2002-12-18;0630;0.00;10.99;88.10;0.00;0.96;163.60
SG02;Nava de la Asuncion;2002-12-18;0700;0.00;10.56;88.70;0.00;1.22;127.90
SG02;Nava de la Asuncion;2002-12-18;0730;0.20;10.13;90.80;0.86;0.60;96.50
SG02;Nava de la Asuncion;2002-12-18;0800;0.00;9.62;91.60;4.06;0.06;216.70
SG02;Nava de la Asuncion;2002-12-18;0830;0.00;9.60;92.50;29.45;0.79;90.60
SG02;Nava de la Asuncion;2002-12-18;0900;0.00;10.01;93.10;58.51;1.28;115.20
SG02;Nava de la Asuncion;2002-12-18;0930;0.00;11.26;90.10;68.66;1.45;124.90
SG02;Nava de la Asuncion;2002-12-18;1000;0.00;11.96;86.10;139.70;1.22;121.00
SG02;Nava de la Asuncion;2002-12-18;1030;0.00;13.12;81.30;178.80;1.80;147.80
SG02;Nava de la Asuncion;2002-12-18;1100;0.00;13.86;78.40;404.80;2.85;169.50
SG02;Nava de la Asuncion;2002-12-18;1130;0.00;15.37;73.70;511.90;4.05;156.80
SG02;Nava de la Asuncion;2002-12-18;1200;0.00;15.06;72.60;209.50;4.28;149.30
SG02;Nava de la Asuncion;2002-12-18;1230;0.00;14.62;75.50;276.40;4.19;154.20
SG02;Nava de la Asuncion;2002-12-18;1300;0.00;15.00;72.20;292.20;4.01;152.70
SG02;Nava de la Asuncion;2002-12-18;1330;0.00;15.65;70.90;368.10;3.66;155.40
SG02;Nava de la Asuncion;2002-12-18;1400;0.00;15.48;71.00;152.10;3.99;160.60
SG02;Nava de la Asuncion;2002-12-18;1430;0.00;15.04;70.20;100.00;4.24;159.50
SG02;Nava de la Asuncion;2002-12-18;1500;0.00;14.73;74.00;113.80;3.78;152.80
SG02;Nava de la Asuncion;2002-12-18;1530;0.00;14.62;73.50;71.40;4.56;153.50
SG02;Nava de la Asuncion;2002-12-18;1600;0.00;14.02;75.70;16.91;3.88;153.60
SG02;Nava de la Asuncion;2002-12-18;1630;0.00;13.64;77.40;1.57;2.58;151.90
SG02;Nava de la Asuncion;2002-12-18;1700;0.00;13.37;78.00;0.00;3.21;156.70
SG02;Nava de la Asuncion;2002-12-18;1730;0.00;13.06;78.70;0.00;3.50;149.80
SG02;Nava de la Asuncion;2002-12-18;1800;0.00;12.95;79.30;0.00;2.89;149.40
SG02;Nava de la Asuncion;2002-12-18;1830;0.00;12.72;80.10;0.00;2.04;157.50
SG02;Nava de la Asuncion;2002-12-18;1900;0.00;12.38;81.90;0.00;1.59;154.50
SG02;Nava de la Asuncion;2002-12-18;1930;0.60;12.11;84.50;0.00;2.26;144.00
SG02;Nava de la Asuncion;2002-12-18;2000;0.60;11.73;88.90;0.00;1.88;124.60
SG02;Nava de la Asuncion;2002-12-18;2030;0.20;11.85;89.30;0.00;3.22;137.90
SG02;Nava de la Asuncion;2002-12-18;2100;0.60;11.90;89.10;0.00;3.15;165.20
SG02;Nava de la Asuncion;2002-12-18;2130;0.00;11.27;88.30;0.00;2.15;204.00
SG02;Nava de la Asuncion;2002-12-18;2200;0.00;10.73;88.60;0.00;1.35;208.70
SG02;Nava de la Asuncion;2002-12-18;2230;1.00;10.45;90.20;0.00;1.89;152.80
SG02;Nava de la Asuncion;2002-12-18;2300;0.60;10.20;91.90;0.00;1.92;140.10
SG02;Nava de la Asuncion;2002-12-18;2330;0.40;10.07;92.80;0.00;1.36;122.60
SG02;Nava de la Asuncion;2002-12-18;2400;0.20;9.93;93.20;0.00;1.68;109.70
SO01;Almazan;2002-12-18;0030;0.00;11.69;86.10;0.00;5.43;213.70
SO01;Almazan;2002-12-18;0100;0.00;11.56;86.60;0.00;5.51;209.10
SO01;Almazan;2002-12-18;0130;0.00;11.74;86.10;0.00;6.20;208.00
SO01;Almazan;2002-12-18;0200;0.00;11.67;85.70;0.00;5.27;211.40
SO01;Almazan;2002-12-18;0230;0.00;11.50;86.30;0.00;5.15;210.90
SO01;Almazan;2002-12-18;0300;0.20;11.40;86.60;0.00;4.01;220.20
SO01;Almazan;2002-12-18;0330;0.00;11.34;87.40;0.00;4.84;213.40
SO01;Almazan;2002-12-18;0400;0.00;11.25;87.80;0.00;4.66;207.00
SO01;Almazan;2002-12-18;0430;0.00;11.19;87.80;0.00;2.38;212.30
SO01;Almazan;2002-12-18;0500;0.00;11.12;88.00;0.00;2.25;217.70
SO01;Almazan;2002-12-18;0530;0.00;11.14;87.10;0.00;3.00;208.90
SO01;Almazan;2002-12-18;0600;0.00;11.05;87.50;0.00;3.25;215.30
SO01;Almazan;2002-12-18;0630;0.00;10.94;88.20;0.00;3.30;221.60
SO01;Almazan;2002-12-18;0700;0.00;10.87;88.60;0.00;3.89;224.80
SO01;Almazan;2002-12-18;0730;0.00;10.76;88.80;0.83;3.51;223.30
SO01;Almazan;2002-12-18;0800;0.00;10.72;89.30;12.08;3.45;225.80
SO01;Almazan;2002-12-18;0830;0.00;10.85;89.10;32.96;4.44;221.70
SO01;Almazan;2002-12-18;0900;0.00;10.90;88.90;59.74;3.82;225.30
SO01;Almazan;2002-12-18;0930;0.00;11.30;88.20;108.80;3.12;226.40
SO01;Almazan;2002-12-18;1000;0.00;11.79;86.70;166.80;3.46;223.90
SO01;Almazan;2002-12-18;1030;0.00;12.05;85.50;155.90;3.77;228.70
SO01;Almazan;2002-12-18;1100;0.00;12.16;84.70;158.00;3.61;232.70
SO01;Almazan;2002-12-18;1130;0.00;12.93;82.60;414.90;4.04;232.70
SO01;Almazan;2002-12-18;1200;0.00;13.08;81.30;328.80;3.95;225.00
SO01;Almazan;2002-12-18;1230;0.00;13.26;81.00;406.80;3.88;217.90
SO01;Almazan;2002-12-18;1300;0.00;13.62;79.80;431.10;4.62;216.30
SO01;Almazan;2002-12-18;1330;0.00;13.27;80.30;274.20;4.99;214.90
SO01;Almazan;2002-12-18;1400;0.00;12.96;80.90;159.10;3.91;225.30
SO01;Almazan;2002-12-18;1430;0.00;13.22;79.80;251.00;3.36;222.70
SO01;Almazan;2002-12-18;1500;0.00;13.42;80.60;227.00;3.48;200.00
SO01;Almazan;2002-12-18;1530;0.00;12.90;79.30;112.30;3.36;199.10
SO01;Almazan;2002-12-18;1600;0.00;12.07;82.10;55.56;2.12;186.70
SO01;Almazan;2002-12-18;1630;0.00;11.44;85.20;13.79;2.04;152.90
SO01;Almazan;2002-12-18;1700;0.00;10.73;87.30;0.67;1.45;146.80
SO01;Almazan;2002-12-18;1730;0.00;10.29;88.50;0.00;1.26;137.80
SO01;Almazan;2002-12-18;1800;0.00;10.19;89.60;0.00;1.03;135.60
SO01;Almazan;2002-12-18;1830;0.00;10.90;87.90;0.00;1.06;199.30
SO01;Almazan;2002-12-18;1900;0.00;10.99;87.80;0.00;0.97;215.60
SO01;Almazan;2002-12-18;1930;0.00;10.77;88.70;0.00;0.86;185.00
SO01;Almazan;2002-12-18;2000;0.00;10.43;89.40;0.00;1.66;137.10
SO01;Almazan;2002-12-18;2030;0.00;10.59;89.10;0.00;1.75;166.30
SO01;Almazan;2002-12-18;2100;0.00;10.99;87.40;0.00;1.25;155.20
SO01;Almazan;2002-12-18;2130;0.00;10.32;89.00;0.00;1.19;165.50
SO01;Almazan;2002-12-18;2200;0.00;10.48;89.00;0.00;1.56;137.20
SO01;Almazan;2002-12-18;2230;0.00;10.68;88.00;0.00;1.78;104.20
SO01;Almazan;2002-12-18;2300;0.00;10.30;89.80;0.00;1.74;115.10
SO01;Almazan;2002-12-18;2330;0.00;10.28;91.00;0.00;1.32;144.10
SO01;Almazan;2002-12-18;2400;0.00;10.43;90.80;0.00;1.54;149.60
SO02;San Esteban de Gormaz;2002-12-18;0030;0.00;9.06;92.50;0.00;0.85;98.70
SO02;San Esteban de Gormaz;2002-12-18;0100;0.00;8.82;92.90;0.00;0.86;81.00
SO02;San Esteban de Gormaz;2002-12-18;0130;0.00;8.64;93.20;0.00;0.47;47.70
SO02;San Esteban de Gormaz;2002-12-18;0200;0.00;8.58;93.80;0.00;0.42;236.10
SO02;San Esteban de Gormaz;2002-12-18;0230;0.20;8.47;94.00;0.00;0.35;265.90
SO02;San Esteban de Gormaz;2002-12-18;0300;0.20;8.42;94.30;0.00;0.02;226.40
SO02;San Esteban de Gormaz;2002-12-18;0330;0.40;8.31;94.40;0.00;0.36;282.60
SO02;San Esteban de Gormaz;2002-12-18;0400;0.00;8.31;94.70;0.00;1.04;255.60
SO02;San Esteban de Gormaz;2002-12-18;0430;0.40;8.55;95.00;0.00;0.38;51.55
SO02;San Esteban de Gormaz;2002-12-18;0500;0.20;8.24;94.90;0.00;0.11;120.90
SO02;San Esteban de Gormaz;2002-12-18;0530;0.00;8.20;95.10;0.00;0.23;96.80
SO02;San Esteban de Gormaz;2002-12-18;0600;0.20;8.04;95.20;0.00;0.15;354.00
SO02;San Esteban de Gormaz;2002-12-18;0630;0.20;8.04;95.20;0.00;0.57;266.60
SO02;San Esteban de Gormaz;2002-12-18;0700;0.20;8.17;95.40;0.00;0.04;267.30
SO02;San Esteban de Gormaz;2002-12-18;0730;0.00;8.18;95.50;0.24;0.66;307.70
SO02;San Esteban de Gormaz;2002-12-18;0800;0.20;8.51;95.60;9.24;0.57;73.40
SO02;San Esteban de Gormaz;2002-12-18;0830;0.00;8.63;95.70;31.62;0.20;250.00
SO02;San Esteban de Gormaz;2002-12-18;0900;0.00;9.18;95.70;50.98;0.15;64.08
SO02;San Esteban de Gormaz;2002-12-18;0930;0.00;9.29;95.80;84.40;0.14;167.20
SO02;San Esteban de Gormaz;2002-12-18;1000;0.00;9.87;95.80;92.40;0.18;62.82
SO02;San Esteban de Gormaz;2002-12-18;1030;0.00;10.50;95.80;133.90;0.45;112.40
SO02;San Esteban de Gormaz;2002-12-18;1100;0.00;11.17;95.60;195.60;1.54;118.70
SO02;San Esteban de Gormaz;2002-12-18;1130;0.00;12.01;94.40;218.50;1.18;99.10
SO02;San Esteban de Gormaz;2002-12-18;1200;0.00;12.69;91.60;270.20;1.07;99.60
SO02;San Esteban de Gormaz;2002-12-18;1230;0.00;13.99;84.90;435.70;0.73;91.90
SO02;San Esteban de Gormaz;2002-12-18;1300;0.00;15.23;76.90;366.20;0.51;70.80
SO02;San Esteban de Gormaz;2002-12-18;1330;0.00;15.33;71.00;253.50;0.78;107.90
SO02;San Esteban de Gormaz;2002-12-18;1400;0.00;15.22;72.30;226.50;1.39;87.40
SO02;San Esteban de Gormaz;2002-12-18;1430;0.00;15.26;72.20;126.50;1.32;77.40
SO02;San Esteban de Gormaz;2002-12-18;1500;0.00;14.97;73.70;132.30;1.22;88.20
SO02;San Esteban de Gormaz;2002-12-18;1530;0.00;14.97;73.00;101.30;1.78;133.10
SO02;San Esteban de Gormaz;2002-12-18;1600;0.00;14.04;73.70;48.80;1.71;149.80
SO02;San Esteban de Gormaz;2002-12-18;1630;0.00;12.64;79.00;13.71;1.26;117.70
SO02;San Esteban de Gormaz;2002-12-18;1700;0.00;11.52;83.30;0.48;1.29;100.70
SO02;San Esteban de Gormaz;2002-12-18;1730;0.00;11.19;82.60;0.00;1.20;91.40
SO02;San Esteban de Gormaz;2002-12-18;1800;0.00;10.55;84.40;0.00;1.35;117.10
SO02;San Esteban de Gormaz;2002-12-18;1830;0.00;9.77;86.90;0.00;1.30;124.50
SO02;San Esteban de Gormaz;2002-12-18;1900;0.00;9.33;89.40;0.00;1.58;120.40
SO02;San Esteban de Gormaz;2002-12-18;1930;0.00;9.09;89.70;0.00;1.25;116.60
SO02;San Esteban de Gormaz;2002-12-18;2000;0.00;9.29;89.60;0.00;1.01;104.20
SO02;San Esteban de Gormaz;2002-12-18;2030;0.00;9.23;90.50;0.00;1.48;111.40
SO02;San Esteban de Gormaz;2002-12-18;2100;0.00;9.07;90.90;0.00;1.42;127.90
SO02;San Esteban de Gormaz;2002-12-18;2130;0.00;8.78;91.70;0.00;0.78;151.40
SO02;San Esteban de Gormaz;2002-12-18;2200;0.00;8.98;92.10;0.00;0.31;96.70
SO02;San Esteban de Gormaz;2002-12-18;2230;0.00;9.30;91.90;0.00;0.93;128.90
SO02;San Esteban de Gormaz;2002-12-18;2300;0.00;9.57;90.30;0.00;0.98;118.10
SO02;San Esteban de Gormaz;2002-12-18;2330;0.20;9.74;89.60;0.00;0.58;175.00
SO02;San Esteban de Gormaz;2002-12-18;2400;0.40;8.66;91.70;0.00;0.30;290.30
SO03;Fuentecantos;2002-12-18;0030;0.00;8.41;96.10;0.00;0.29;69.57
SO03;Fuentecantos;2002-12-18;0100;0.00;8.61;96.10;0.00;0.51;105.00
SO03;Fuentecantos;2002-12-18;0130;0.00;8.80;96.10;0.00;0.40;103.10
SO03;Fuentecantos;2002-12-18;0200;0.00;8.09;96.00;0.00;0.60;87.10
SO03;Fuentecantos;2002-12-18;0230;0.00;8.38;96.30;0.00;0.89;34.71
SO03;Fuentecantos;2002-12-18;0300;0.00;8.12;96.30;0.00;0.90;66.61
SO03;Fuentecantos;2002-12-18;0330;0.00;8.10;96.30;0.00;0.44;90.40
SO03;Fuentecantos;2002-12-18;0400;0.40;8.43;96.40;0.00;0.50;144.30
SO03;Fuentecantos;2002-12-18;0430;0.60;8.83;96.20;0.00;0.50;149.20
SO03;Fuentecantos;2002-12-18;0500;0.00;8.36;96.00;0.00;0.29;66.53
SO03;Fuentecantos;2002-12-18;0530;0.80;8.12;96.20;0.00;0.23;65.63
SO03;Fuentecantos;2002-12-18;0600;0.00;8.12;96.20;0.00;0.35;78.80
SO03;Fuentecantos;2002-12-18;0630;0.00;7.89;96.20;0.00;0.02;102.70
SO03;Fuentecantos;2002-12-18;0700;0.00;8.01;96.40;0.00;0.00;0.00
SO03;Fuentecantos;2002-12-18;0730;0.00;7.96;96.30;0.18;0.02;350.00
SO03;Fuentecantos;2002-12-18;0800;0.00;8.08;96.50;11.40;0.31;163.90
SO03;Fuentecantos;2002-12-18;0830;0.00;9.14;96.50;30.42;1.26;230.30
SO03;Fuentecantos;2002-12-18;0900;0.00;9.48;96.30;49.16;1.37;220.70
SO03;Fuentecantos;2002-12-18;0930;0.20;9.78;96.00;72.60;1.31;220.20
SO03;Fuentecantos;2002-12-18;1000;0.00;10.23;95.70;96.50;1.88;215.50
SO03;Fuentecantos;2002-12-18;1030;0.00;10.63;95.30;150.90;1.77;221.70
SO03;Fuentecantos;2002-12-18;1100;0.00;11.34;94.10;155.10;1.90;242.00
SO03;Fuentecantos;2002-12-18;1130;0.00;11.80;91.10;138.90;1.67;252.80
SO03;Fuentecantos;2002-12-18;1200;0.00;12.08;88.10;139.80;1.49;246.50
SO03;Fuentecantos;2002-12-18;1230;0.00;12.79;82.50;263.60;1.34;232.60
SO03;Fuentecantos;2002-12-18;1300;0.00;12.94;80.90;150.90;1.65;234.80
SO03;Fuentecantos;2002-12-18;1330;0.00;12.81;81.20;118.50;1.96;218.60
SO03;Fuentecantos;2002-12-18;1400;0.00;12.78;82.30;100.00;2.10;199.90
SO03;Fuentecantos;2002-12-18;1430;0.00;12.67;82.10;96.70;2.13;208.10
SO03;Fuentecantos;2002-12-18;1500;0.00;12.58;83.20;71.20;1.37;214.60
SO03;Fuentecantos;2002-12-18;1530;0.00;12.52;84.90;53.22;1.52;201.50
SO03;Fuentecantos;2002-12-18;1600;0.00;11.93;84.60;32.86;1.67;185.40
SO03;Fuentecantos;2002-12-18;1630;0.00;11.04;88.40;10.94;0.51;98.00
SO03;Fuentecantos;2002-12-18;1700;0.00;10.05;90.40;0.25;1.41;147.40
SO03;Fuentecantos;2002-12-18;1730;0.00;9.57;91.50;0.00;1.24;148.30
SO03;Fuentecantos;2002-12-18;1800;0.00;8.91;92.30;0.00;1.26;158.80
SO03;Fuentecantos;2002-12-18;1830;0.00;8.24;92.10;0.00;0.60;7.34
SO03;Fuentecantos;2002-12-18;1900;0.00;7.49;93.00;0.00;0.70;81.90
SO03;Fuentecantos;2002-12-18;1930;0.00;7.28;94.40;0.00;0.70;77.40
SO03;Fuentecantos;2002-12-18;2000;0.00;7.52;95.00;0.00;1.40;110.10
SO03;Fuentecantos;2002-12-18;2030;0.00;8.15;94.90;0.00;0.61;118.70
SO03;Fuentecantos;2002-12-18;2100;0.00;8.04;94.80;0.00;0.26;312.10
SO03;Fuentecantos;2002-12-18;2130;0.00;8.23;95.00;0.00;0.39;237.10
SO03;Fuentecantos;2002-12-18;2200;0.00;8.72;94.80;0.00;0.47;143.10
SO03;Fuentecantos;2002-12-18;2230;0.00;8.50;94.80;0.00;0.27;77.80
SO03;Fuentecantos;2002-12-18;2300;0.00;8.50;94.80;0.00;0.51;83.10
SO03;Fuentecantos;2002-12-18;2330;0.00;8.74;94.90;0.00;1.36;145.50
SO03;Fuentecantos;2002-12-18;2400;0.00;9.01;94.00;0.00;1.76;140.70
VA01;Mayorga;2002-12-18;0030;0.00;10.70;92.70;0.00;1.20;153.40
VA01;Mayorga;2002-12-18;0100;0.00;10.87;92.80;0.00;1.48;153.90
VA01;Mayorga;2002-12-18;0130;0.20;11.18;92.60;0.00;1.50;155.50
VA01;Mayorga;2002-12-18;0200;0.00;10.80;92.30;0.00;1.49;139.10
VA01;Mayorga;2002-12-18;0230;0.00;10.67;92.70;0.00;1.61;163.10
VA01;Mayorga;2002-12-18;0300;0.00;10.56;92.20;0.00;1.84;171.90
VA01;Mayorga;2002-12-18;0330;0.60;10.48;92.30;0.00;1.96;163.30
VA01;Mayorga;2002-12-18;0400;0.20;10.54;92.80;0.00;1.97;166.00
VA01;Mayorga;2002-12-18;0430;1.00;10.56;93.10;0.00;2.07;164.20
VA01;Mayorga;2002-12-18;0500;0.00;10.65;93.20;0.00;2.14;162.60
VA01;Mayorga;2002-12-18;0530;0.20;10.61;93.30;0.00;2.11;170.70
VA01;Mayorga;2002-12-18;0600;0.00;10.43;93.30;0.00;1.63;165.90
VA01;Mayorga;2002-12-18;0630;0.00;10.41;93.40;0.00;1.77;160.20
VA01;Mayorga;2002-12-18;0700;0.20;10.54;93.30;0.00;2.08;155.20
VA01;Mayorga;2002-12-18;0730;0.00;10.52;93.00;0.84;2.23;156.80
VA01;Mayorga;2002-12-18;0800;0.00;10.61;92.70;12.85;2.21;151.30
VA01;Mayorga;2002-12-18;0830;0.00;10.96;92.30;37.47;2.24;146.90
VA01;Mayorga;2002-12-18;0900;0.00;11.03;92.00;63.99;2.40;148.60
VA01;Mayorga;2002-12-18;0930;0.00;11.65;91.10;182.10;2.29;153.70
VA01;Mayorga;2002-12-18;1000;0.00;12.36;88.70;204.80;2.58;175.40
VA01;Mayorga;2002-12-18;1030;0.00;13.22;87.20;247.90;3.83;180.40
VA01;Mayorga;2002-12-18;1100;0.00;13.33;84.70;281.40;4.17;186.80
VA01;Mayorga;2002-12-18;1130;0.00;14.03;83.60;312.20;4.00;189.30
VA01;Mayorga;2002-12-18;1200;0.00;14.25;80.60;345.50;3.73;187.50
VA01;Mayorga;2002-12-18;1230;0.00;14.37;79.50;171.70;3.04;192.50
VA01;Mayorga;2002-12-18;1300;0.00;13.86;80.90;92.40;2.58;190.20
VA01;Mayorga;2002-12-18;1330;0.00;13.84;81.90;117.00;1.58;188.50
VA01;Mayorga;2002-12-18;1400;0.00;14.05;80.10;185.40;1.51;197.50
VA01;Mayorga;2002-12-18;1430;0.00;14.40;78.00;142.90;2.24;177.80
VA01;Mayorga;2002-12-18;1500;0.00;14.11;77.90;155.10;1.58;156.90
VA01;Mayorga;2002-12-18;1530;0.00;14.09;79.00;83.70;1.18;123.10
VA01;Mayorga;2002-12-18;1600;0.40;13.44;84.30;15.15;0.69;134.10
VA01;Mayorga;2002-12-18;1630;0.00;12.74;87.90;5.57;0.49;42.47
VA01;Mayorga;2002-12-18;1700;0.00;12.11;90.60;0.29;1.39;99.60
VA01;Mayorga;2002-12-18;1730;0.00;11.95;90.30;0.00;1.04;110.20
VA01;Mayorga;2002-12-18;1800;0.00;11.78;89.70;0.00;1.40;87.60
VA01;Mayorga;2002-12-18;1830;0.00;11.47;89.30;0.00;1.66;100.80
VA01;Mayorga;2002-12-18;1900;0.00;11.03;90.40;0.00;1.39;118.80
VA01;Mayorga;2002-12-18;1930;0.00;11.01;91.30;0.00;1.30;124.00
VA01;Mayorga;2002-12-18;2000;0.00;11.18;90.30;0.00;1.65;122.00
VA01;Mayorga;2002-12-18;2030;0.20;11.21;90.90;0.00;1.67;141.90
VA01;Mayorga;2002-12-18;2100;0.00;11.34;90.20;0.00;1.62;194.30
VA01;Mayorga;2002-12-18;2130;0.80;11.16;88.60;0.00;2.16;200.70
VA01;Mayorga;2002-12-18;2200;1.00;10.65;90.80;0.00;0.93;186.40
VA01;Mayorga;2002-12-18;2230;0.00;10.36;92.00;0.00;1.16;176.10
VA01;Mayorga;2002-12-18;2300;0.00;10.27;92.60;0.00;1.24;169.20
VA01;Mayorga;2002-12-18;2330;0.00;10.12;92.70;0.00;1.39;189.90
VA01;Mayorga;2002-12-18;2400;0.00;9.88;92.80;0.00;0.34;124.10
VA02;Torrecilla de la Orden;2002-12-18;0030;0.00;11.30;90.10;0.00;2.14;180.10
VA02;Torrecilla de la Orden;2002-12-18;0100;0.40;11.12;91.20;0.00;1.67;186.80
VA02;Torrecilla de la Orden;2002-12-18;0130;0.40;11.13;91.20;0.00;1.28;183.70
VA02;Torrecilla de la Orden;2002-12-18;0200;0.40;10.77;92.60;0.00;1.47;178.70
VA02;Torrecilla de la Orden;2002-12-18;0230;0.80;10.80;92.80;0.00;1.12;172.40
VA02;Torrecilla de la Orden;2002-12-18;0300;0.60;11.35;91.00;0.00;1.55;176.50
VA02;Torrecilla de la Orden;2002-12-18;0330;0.40;10.80;92.80;0.00;1.31;205.30
VA02;Torrecilla de la Orden;2002-12-18;0400;0.20;10.67;94.10;0.00;1.01;187.50
VA02;Torrecilla de la Orden;2002-12-18;0430;0.20;10.86;94.20;0.00;1.06;131.30
VA02;Torrecilla de la Orden;2002-12-18;0500;0.60;10.11;94.90;0.00;1.68;113.60
VA02;Torrecilla de la Orden;2002-12-18;0530;0.60;9.96;95.40;0.00;1.49;115.30
VA02;Torrecilla de la Orden;2002-12-18;0600;0.60;10.01;95.80;0.01;1.66;120.50
VA02;Torrecilla de la Orden;2002-12-18;0630;0.20;10.09;95.90;0.00;1.40;119.70
VA02;Torrecilla de la Orden;2002-12-18;0700;0.00;9.74;95.80;0.00;1.28;121.80
VA02;Torrecilla de la Orden;2002-12-18;0730;0.00;9.27;95.90;1.59;0.57;145.80
VA02;Torrecilla de la Orden;2002-12-18;0800;0.00;8.66;96.00;8.96;1.41;85.60
VA02;Torrecilla de la Orden;2002-12-18;0830;0.00;9.21;96.00;33.25;0.87;118.30
VA02;Torrecilla de la Orden;2002-12-18;0900;0.00;10.04;95.20;168.20;0.82;166.70
VA02;Torrecilla de la Orden;2002-12-18;0930;0.00;11.49;90.70;225.60;1.55;100.00
VA02;Torrecilla de la Orden;2002-12-18;1000;0.00;12.72;86.60;191.60;1.06;174.90
VA02;Torrecilla de la Orden;2002-12-18;1030;0.00;13.13;83.40;195.00;1.45;137.10
VA02;Torrecilla de la Orden;2002-12-18;1100;0.00;13.86;80.80;249.20;1.39;178.60
VA02;Torrecilla de la Orden;2002-12-18;1130;0.00;14.76;76.90;424.60;1.74;165.00
VA02;Torrecilla de la Orden;2002-12-18;1200;0.00;14.83;77.20;281.70;1.91;121.80
VA02;Torrecilla de la Orden;2002-12-18;1230;0.00;15.53;72.50;388.60;1.47;150.90
VA02;Torrecilla de la Orden;2002-12-18;1300;0.00;14.96;73.60;249.50;1.63;127.10
VA02;Torrecilla de la Orden;2002-12-18;1330;0.00;15.38;75.00;289.80;2.32;117.90
VA02;Torrecilla de la Orden;2002-12-18;1400;0.00;15.49;74.80;273.70;2.56;117.10
VA02;Torrecilla de la Orden;2002-12-18;1430;0.00;15.09;75.50;143.50;1.49;141.60
VA02;Torrecilla de la Orden;2002-12-18;1500;0.00;14.85;77.20;68.30;0.80;114.90
VA02;Torrecilla de la Orden;2002-12-18;1530;0.00;14.51;84.30;25.11;0.84;86.10
VA02;Torrecilla de la Orden;2002-12-18;1600;0.20;14.01;86.80;16.73;0.20;341.10
VA02;Torrecilla de la Orden;2002-12-18;1630;0.00;13.85;87.20;13.27;0.94;56.42
VA02;Torrecilla de la Orden;2002-12-18;1700;0.00;13.34;86.80;0.40;0.65;106.70
VA02;Torrecilla de la Orden;2002-12-18;1730;0.00;12.84;87.20;0.00;0.95;192.30
VA02;Torrecilla de la Orden;2002-12-18;1800;0.00;12.53;90.60;0.00;0.46;226.70
VA02;Torrecilla de la Orden;2002-12-18;1830;0.00;12.31;90.20;0.00;0.76;323.70
VA02;Torrecilla de la Orden;2002-12-18;1900;0.00;12.09;90.60;0.00;0.23;349.70
VA02;Torrecilla de la Orden;2002-12-18;1930;0.60;12.00;90.90;0.00;0.59;190.30
VA02;Torrecilla de la Orden;2002-12-18;2000;0.60;11.48;93.60;0.00;2.29;232.00
VA02;Torrecilla de la Orden;2002-12-18;2030;0.20;11.36;94.50;0.00;1.74;210.60
VA02;Torrecilla de la Orden;2002-12-18;2100;0.20;11.04;94.10;0.00;1.98;180.50
VA02;Torrecilla de la Orden;2002-12-18;2130;0.20;10.66;93.30;0.00;1.02;185.90
VA02;Torrecilla de la Orden;2002-12-18;2200;0.20;10.47;92.70;0.00;1.96;91.40
VA02;Torrecilla de la Orden;2002-12-18;2230;0.00;10.18;93.50;0.00;1.72;176.90
VA02;Torrecilla de la Orden;2002-12-18;2300;0.00;10.00;93.80;0.00;0.85;137.80
VA02;Torrecilla de la Orden;2002-12-18;2330;0.00;9.72;93.90;0.01;0.67;156.30
VA02;Torrecilla de la Orden;2002-12-18;2400;0.00;9.61;93.60;0.01;0.81;139.70
VA03;Olmedo;2002-12-18;0030;0.00;11.79;85.20;0.00;3.16;111.80
VA03;Olmedo;2002-12-18;0100;0.00;11.99;84.30;0.00;2.55;127.20
VA03;Olmedo;2002-12-18;0130;0.00;11.59;86.20;0.00;2.73;114.40
VA03;Olmedo;2002-12-18;0200;0.00;11.52;87.10;0.00;2.49;128.50
VA03;Olmedo;2002-12-18;0230;0.20;11.37;88.80;0.00;2.31;138.70
VA03;Olmedo;2002-12-18;0300;0.20;11.28;89.90;0.00;2.41;133.90
VA03;Olmedo;2002-12-18;0330;0.20;11.93;87.90;0.00;2.72;118.50
VA03;Olmedo;2002-12-18;0400;0.40;11.61;89.30;0.00;1.19;122.90
VA03;Olmedo;2002-12-18;0430;0.00;11.35;90.10;0.00;1.09;143.00
VA03;Olmedo;2002-12-18;0500;0.00;10.99;90.70;0.00;0.80;154.20
VA03;Olmedo;2002-12-18;0530;0.00;10.99;90.80;0.00;0.92;135.10
VA03;Olmedo;2002-12-18;0600;0.20;10.72;90.40;0.00;1.13;152.60
VA03;Olmedo;2002-12-18;0630;0.40;10.47;92.10;0.00;1.71;134.90
VA03;Olmedo;2002-12-18;0700;0.00;11.26;90.50;0.00;1.78;118.20
VA03;Olmedo;2002-12-18;0730;0.00;11.15;89.60;1.14;1.76;118.50
VA03;Olmedo;2002-12-18;0800;0.00;10.52;91.50;7.42;2.55;125.40
VA03;Olmedo;2002-12-18;0830;0.00;10.40;93.10;24.02;2.54;113.40
VA03;Olmedo;2002-12-18;0900;0.00;10.80;90.60;75.40;2.53;116.00
VA03;Olmedo;2002-12-18;0930;0.00;11.25;90.30;162.80;2.26;124.70
VA03;Olmedo;2002-12-18;1000;0.00;12.49;86.70;242.40;2.57;121.30
VA03;Olmedo;2002-12-18;1030;0.00;13.64;81.80;287.10;2.66;124.40
VA03;Olmedo;2002-12-18;1100;0.00;13.97;80.30;166.40;2.17;147.40
VA03;Olmedo;2002-12-18;1130;0.00;14.57;79.40;182.90;1.68;155.70
VA03;Olmedo;2002-12-18;1200;0.00;14.91;76.10;140.50;3.39;166.70
VA03;Olmedo;2002-12-18;1230;0.00;15.18;75.50;264.10;3.27;163.70
VA03;Olmedo;2002-12-18;1300;0.00;15.54;73.90;229.70;3.36;166.90
VA03;Olmedo;2002-12-18;1330;0.00;15.89;72.30;256.10;3.11;156.10
VA03;Olmedo;2002-12-18;1400;0.00;15.71;71.20;143.00;3.28;149.00
VA03;Olmedo;2002-12-18;1430;0.00;15.45;73.70;127.50;2.00;143.30
VA03;Olmedo;2002-12-18;1500;0.00;15.54;73.20;136.20;3.16;152.00
VA03;Olmedo;2002-12-18;1530;0.00;15.33;73.40;70.80;2.84;158.00
VA03;Olmedo;2002-12-18;1600;0.00;14.78;74.90;25.72;2.59;148.40
VA03;Olmedo;2002-12-18;1630;0.00;14.04;80.20;8.80;2.27;129.20
VA03;Olmedo;2002-12-18;1700;0.00;13.27;83.70;0.38;2.30;134.20
VA03;Olmedo;2002-12-18;1730;0.00;12.63;85.40;0.00;1.98;133.60
VA03;Olmedo;2002-12-18;1800;0.00;12.28;85.90;0.00;2.32;124.10
VA03;Olmedo;2002-12-18;1830;0.00;12.72;83.20;0.00;2.73;115.40
VA03;Olmedo;2002-12-18;1900;0.20;12.61;83.50;0.00;2.58;127.30
VA03;Olmedo;2002-12-18;1930;0.60;12.15;87.40;0.00;1.98;136.80
VA03;Olmedo;2002-12-18;2000;0.40;12.15;88.10;0.00;2.88;119.80
VA03;Olmedo;2002-12-18;2030;0.60;11.92;89.30;0.00;2.76;115.40
VA03;Olmedo;2002-12-18;2100;0.40;11.77;90.70;0.00;2.70;175.80
VA03;Olmedo;2002-12-18;2130;0.00;11.37;89.10;0.00;2.93;196.90
VA03;Olmedo;2002-12-18;2200;0.00;10.86;90.10;0.00;2.71;177.90
VA03;Olmedo;2002-12-18;2230;0.20;10.73;90.10;0.00;1.57;156.90
VA03;Olmedo;2002-12-18;2300;0.20;10.57;90.50;0.00;2.04;134.20
VA03;Olmedo;2002-12-18;2330;0.20;10.46;90.60;0.00;3.22;111.00
VA03;Olmedo;2002-12-18;2400;0.00;10.44;90.60;0.00;3.21;114.80
VA04;Valladolid;2002-12-18;0030;0.00;10.10;94.00;140.10;0.00;0.00
VA04;Valladolid;2002-12-18;0100;0.20;10.52;94.20;89.70;0.00;36.47
VA04;Valladolid;2002-12-18;0130;0.20;10.65;94.20;20.13;0.00;24.85
VA04;Valladolid;2002-12-18;0200;0.40;10.40;94.10;73.30;0.00;23.81
VA04;Valladolid;2002-12-18;0230;0.00;10.27;94.10;145.50;0.00;0.00
VA04;Valladolid;2002-12-18;0300;0.60;10.16;94.20;95.30;0.00;49.56
VA04;Valladolid;2002-12-18;0330;0.60;9.87;94.30;112.90;0.00;52.14
VA04;Valladolid;2002-12-18;0400;0.20;9.80;94.50;105.00;0.00;44.30
VA04;Valladolid;2002-12-18;0430;0.00;9.67;94.60;83.20;0.00;0.00
VA04;Valladolid;2002-12-18;0500;1.00;9.94;94.80;118.90;0.00;42.59
VA04;Valladolid;2002-12-18;0530;0.00;10.34;94.90;333.40;0.00;0.00
VA04;Valladolid;2002-12-18;0600;0.00;10.34;94.90;192.20;0.00;0.00
VA04;Valladolid;2002-12-18;0630;0.00;10.20;94.90;116.90;0.00;0.00
VA04;Valladolid;2002-12-18;0700;0.20;10.16;95.00;182.40;0.00;40.90
VA04;Valladolid;2002-12-18;0730;0.20;10.22;95.00;97.20;0.00;44.49
VA04;Valladolid;2002-12-18;0800;0.20;9.58;94.90;0.00;0.00;46.48
VA04;Valladolid;2002-12-18;0830;0.00;9.94;95.20;0.00;0.00;0.00
VA04;Valladolid;2002-12-18;0900;0.00;10.48;95.20;47.79;0.00;0.00
VA04;Valladolid;2002-12-18;0930;0.00;11.69;95.40;274.50;0.00;0.00
VA04;Valladolid;2002-12-18;1000;0.00;11.92;95.20;32.16;0.00;0.00
VA04;Valladolid;2002-12-18;1030;0.00;13.11;93.50;0.00;0.00;0.00
VA04;Valladolid;2002-12-18;1100;0.00;13.03;90.00;0.00;0.00;0.00
VA04;Valladolid;2002-12-18;1130;0.00;13.83;85.30;0.00;0.00;0.00
VA04;Valladolid;2002-12-18;1200;0.00;14.80;80.30;0.00;0.00;0.00
VA04;Valladolid;2002-12-18;1230;0.00;15.35;77.80;0.00;0.00;0.00
VA04;Valladolid;2002-12-18;1300;0.00;15.46;77.60;0.00;0.00;0.00
VA04;Valladolid;2002-12-18;1330;0.00;15.84;76.70;0.00;0.00;0.00
VA04;Valladolid;2002-12-18;1400;0.00;16.06;73.60;0.00;0.00;0.00
VA04;Valladolid;2002-12-18;1430;0.00;15.92;74.80;0.00;0.00;0.00
VA04;Valladolid;2002-12-18;1500;0.00;15.82;73.90;0.00;0.00;0.00
VA04;Valladolid;2002-12-18;1530;0.00;15.41;75.00;0.00;0.00;0.00
VA04;Valladolid;2002-12-18;1600;0.00;14.84;76.60;0.00;0.00;0.00
VA04;Valladolid;2002-12-18;1630;0.00;14.51;78.80;0.00;0.00;0.00
VA04;Valladolid;2002-12-18;1700;0.00;14.38;78.50;0.00;0.00;0.00
VA04;Valladolid;2002-12-18;1730;0.00;13.71;81.50;0.00;0.00;0.00
VA04;Valladolid;2002-12-18;1800;0.00;13.34;81.90;0.00;0.00;0.00
VA04;Valladolid;2002-12-18;1830;0.00;12.44;84.60;0.00;0.00;0.00
VA04;Valladolid;2002-12-18;1900;0.00;12.22;84.60;0.00;0.00;0.00
VA04;Valladolid;2002-12-18;1930;0.00;11.80;85.70;0.00;0.00;0.00
VA04;Valladolid;2002-12-18;2000;0.00;11.89;84.60;0.00;0.00;0.00
VA04;Valladolid;2002-12-18;2030;0.20;12.17;85.80;47.16;0.00;0.00
VA04;Valladolid;2002-12-18;2100;0.40;12.00;88.70;234.30;0.00;0.00
VA04;Valladolid;2002-12-18;2130;0.00;11.93;90.20;0.00;0.00;0.00
VA04;Valladolid;2002-12-18;2200;0.20;12.00;90.60;40.78;0.00;0.00
VA04;Valladolid;2002-12-18;2230;0.20;11.84;92.20;125.90;0.00;0.00
VA04;Valladolid;2002-12-18;2300;0.00;11.66;92.50;9.80;0.00;0.00
VA04;Valladolid;2002-12-18;2330;0.60;11.40;93.10;73.70;0.00;7.08
VA04;Valladolid;2002-12-18;2400;0.20;11.00;93.40;20.41;0.00;26.83
VA05;Encinas de Esgueva;2002-12-18;0030;0.00;10.25;92.70;0.00;0.92;84.10
VA05;Encinas de Esgueva;2002-12-18;0100;0.00;10.10;93.50;0.00;1.12;111.00
VA05;Encinas de Esgueva;2002-12-18;0130;0.20;10.44;92.00;0.00;0.45;77.90
VA05;Encinas de Esgueva;2002-12-18;0200;0.00;10.22;93.00;0.00;0.29;58.30
VA05;Encinas de Esgueva;2002-12-18;0230;0.20;10.49;92.40;0.00;0.31;74.70
VA05;Encinas de Esgueva;2002-12-18;0300;0.00;10.48;92.60;0.00;0.27;50.70
VA05;Encinas de Esgueva;2002-12-18;0330;0.20;10.68;93.10;0.00;0.38;138.60
VA05;Encinas de Esgueva;2002-12-18;0400;0.20;10.35;94.00;0.00;0.19;37.05
VA05;Encinas de Esgueva;2002-12-18;0430;0.20;10.24;94.60;0.00;0.56;72.90
VA05;Encinas de Esgueva;2002-12-18;0500;0.00;10.24;94.80;0.00;0.99;76.70
VA05;Encinas de Esgueva;2002-12-18;0530;0.20;9.90;95.70;0.00;0.99;81.30
VA05;Encinas de Esgueva;2002-12-18;0600;0.40;9.77;96.00;0.00;0.82;73.50
VA05;Encinas de Esgueva;2002-12-18;0630;0.00;9.91;96.20;0.00;0.75;102.80
VA05;Encinas de Esgueva;2002-12-18;0700;0.00;10.19;95.30;0.00;0.41;100.90
VA05;Encinas de Esgueva;2002-12-18;0730;0.00;9.66;95.70;0.20;0.97;90.10
VA05;Encinas de Esgueva;2002-12-18;0800;0.20;9.66;96.10;8.29;0.84;87.30
VA05;Encinas de Esgueva;2002-12-18;0830;0.20;9.51;96.60;33.29;1.01;89.80
VA05;Encinas de Esgueva;2002-12-18;0900;0.00;9.78;96.60;41.27;0.92;90.80
VA05;Encinas de Esgueva;2002-12-18;0930;0.00;10.24;96.50;61.70;0.95;76.50
VA05;Encinas de Esgueva;2002-12-18;1000;0.00;10.69;95.70;166.20;1.37;75.30
VA05;Encinas de Esgueva;2002-12-18;1030;0.00;11.82;92.30;270.30;1.65;78.40
VA05;Encinas de Esgueva;2002-12-18;1100;0.00;12.29;90.90;241.60;1.27;65.50
VA05;Encinas de Esgueva;2002-12-18;1130;0.00;13.26;89.10;317.20;0.87;115.90
VA05;Encinas de Esgueva;2002-12-18;1200;0.00;14.84;78.30;315.40;1.05;169.50
VA05;Encinas de Esgueva;2002-12-18;1230;0.00;15.39;73.70;217.50;1.69;181.90
VA05;Encinas de Esgueva;2002-12-18;1300;0.00;15.24;73.70;212.40;1.82;191.30
VA05;Encinas de Esgueva;2002-12-18;1330;0.00;15.68;71.40;290.70;2.03;183.70
VA05;Encinas de Esgueva;2002-12-18;1400;0.00;16.17;68.85;306.80;2.37;204.50
VA05;Encinas de Esgueva;2002-12-18;1430;0.00;16.25;68.80;218.10;1.70;192.80
VA05;Encinas de Esgueva;2002-12-18;1500;0.00;15.40;72.80;121.40;0.91;183.20
VA05;Encinas de Esgueva;2002-12-18;1530;0.00;15.41;74.30;83.00;0.68;196.80
VA05;Encinas de Esgueva;2002-12-18;1600;0.00;14.83;76.50;44.99;1.29;130.30
VA05;Encinas de Esgueva;2002-12-18;1630;0.00;13.85;81.90;12.82;1.66;130.90
VA05;Encinas de Esgueva;2002-12-18;1700;0.00;12.74;85.30;0.24;0.30;129.50
VA05;Encinas de Esgueva;2002-12-18;1730;0.00;11.36;89.60;0.00;0.38;80.80
VA05;Encinas de Esgueva;2002-12-18;1800;0.00;10.81;92.60;0.00;0.83;82.20
VA05;Encinas de Esgueva;2002-12-18;1830;0.00;10.70;91.90;0.00;0.74;74.10
VA05;Encinas de Esgueva;2002-12-18;1900;0.00;10.21;91.50;0.00;1.06;71.20
VA05;Encinas de Esgueva;2002-12-18;1930;0.00;9.81;92.30;0.00;0.82;103.00
VA05;Encinas de Esgueva;2002-12-18;2000;0.00;8.95;94.10;0.00;0.98;65.98
VA05;Encinas de Esgueva;2002-12-18;2030;0.00;9.11;94.40;0.00;0.65;98.00
VA05;Encinas de Esgueva;2002-12-18;2100;0.00;9.69;92.30;0.00;0.78;68.30
VA05;Encinas de Esgueva;2002-12-18;2130;0.00;9.91;91.00;0.00;0.23;306.80
VA05;Encinas de Esgueva;2002-12-18;2200;0.40;9.64;92.80;0.00;0.26;60.00
VA05;Encinas de Esgueva;2002-12-18;2230;0.00;9.51;93.70;0.00;0.94;80.10
VA05;Encinas de Esgueva;2002-12-18;2300;0.00;9.40;94.30;0.00;0.86;74.30
VA05;Encinas de Esgueva;2002-12-18;2330;0.20;9.66;94.10;0.00;0.41;56.16
VA05;Encinas de Esgueva;2002-12-18;2400;0.00;9.87;94.30;0.00;0.29;4.24
VA06;Tordesillas;2002-12-18;0030;0.00;11.07;89.40;0.00;0.80;59.68
VA06;Tordesillas;2002-12-18;0100;0.00;10.60;91.30;0.00;0.81;63.81
VA06;Tordesillas;2002-12-18;0130;0.20;10.56;92.40;0.00;1.11;64.52
VA06;Tordesillas;2002-12-18;0200;0.80;10.45;93.10;0.00;0.70;72.90
VA06;Tordesillas;2002-12-18;0230;1.40;10.43;93.70;0.00;0.55;47.51
VA06;Tordesillas;2002-12-18;0300;0.20;10.45;94.10;0.00;0.90;72.10
VA06;Tordesillas;2002-12-18;0330;0.20;10.29;94.30;0.00;0.92;96.70
VA06;Tordesillas;2002-12-18;0400;0.80;9.78;94.40;0.00;0.26;124.60
VA06;Tordesillas;2002-12-18;0430;0.80;9.91;94.60;0.00;0.49;76.20
VA06;Tordesillas;2002-12-18;0500;0.00;9.87;94.70;0.00;0.65;51.87
VA06;Tordesillas;2002-12-18;0530;0.60;9.76;95.00;0.00;0.94;66.57
VA06;Tordesillas;2002-12-18;0600;0.80;9.96;95.10;0.00;0.81;55.21
VA06;Tordesillas;2002-12-18;0630;0.20;9.98;95.10;0.00;1.38;60.95
VA06;Tordesillas;2002-12-18;0700;0.20;10.03;95.30;0.00;1.27;54.95
VA06;Tordesillas;2002-12-18;0730;0.00;10.16;95.30;0.93;1.37;58.39
VA06;Tordesillas;2002-12-18;0800;0.00;10.05;95.20;7.48;1.10;62.78
VA06;Tordesillas;2002-12-18;0830;0.00;9.96;95.20;34.60;0.55;68.55
VA06;Tordesillas;2002-12-18;0900;0.00;10.07;95.20;56.80;0.89;45.61
VA06;Tordesillas;2002-12-18;0930;0.00;10.76;95.20;131.50;1.48;72.20
VA06;Tordesillas;2002-12-18;1000;0.00;11.30;94.70;142.40;1.73;73.80
VA06;Tordesillas;2002-12-18;1030;0.00;12.06;93.00;146.90;1.25;79.10
VA06;Tordesillas;2002-12-18;1100;0.00;12.88;90.70;227.50;1.88;75.50
VA06;Tordesillas;2002-12-18;1130;0.00;13.66;88.30;259.80;1.98;74.50
VA06;Tordesillas;2002-12-18;1200;0.00;14.18;84.20;240.60;1.77;86.30
VA06;Tordesillas;2002-12-18;1230;0.00;14.62;82.30;211.30;1.64;78.70
VA06;Tordesillas;2002-12-18;1300;0.00;15.34;77.40;345.10;1.64;89.20
VA06;Tordesillas;2002-12-18;1330;0.00;15.78;74.60;186.70;1.15;91.50
VA06;Tordesillas;2002-12-18;1400;0.00;16.14;71.60;164.00;1.24;159.70
VA06;Tordesillas;2002-12-18;1430;0.00;16.27;70.80;168.40;1.95;138.20
VA06;Tordesillas;2002-12-18;1500;0.00;15.82;72.20;87.80;1.67;149.70
VA06;Tordesillas;2002-12-18;1530;0.00;15.40;75.80;62.71;0.68;109.80
VA06;Tordesillas;2002-12-18;1600;0.00;15.06;78.90;23.50;0.54;114.70
VA06;Tordesillas;2002-12-18;1630;0.20;14.30;83.60;7.68;0.50;69.82
VA06;Tordesillas;2002-12-18;1700;0.00;13.55;87.40;0.45;0.30;52.16
VA06;Tordesillas;2002-12-18;1730;0.00;13.37;87.50;0.00;1.21;74.10
VA06;Tordesillas;2002-12-18;1800;0.00;12.97;87.30;0.00;0.82;99.50
VA06;Tordesillas;2002-12-18;1830;0.00;12.77;86.80;0.00;0.64;91.80
VA06;Tordesillas;2002-12-18;1900;0.00;12.22;88.60;0.00;0.27;3.84
VA06;Tordesillas;2002-12-18;1930;0.00;11.76;91.80;0.00;0.19;334.70
VA06;Tordesillas;2002-12-18;2000;0.20;11.50;92.90;0.00;0.20;340.90
VA06;Tordesillas;2002-12-18;2030;0.20;11.54;93.20;0.00;0.34;315.00
VA06;Tordesillas;2002-12-18;2100;0.00;11.59;93.50;0.00;0.76;265.00
VA06;Tordesillas;2002-12-18;2130;0.00;11.58;93.50;0.00;0.37;259.30
VA06;Tordesillas;2002-12-18;2200;0.20;10.96;93.60;0.00;0.60;141.90
VA06;Tordesillas;2002-12-18;2230;0.20;11.07;93.90;0.00;0.80;138.90
VA06;Tordesillas;2002-12-18;2300;0.20;10.85;93.40;0.00;0.44;22.45
VA06;Tordesillas;2002-12-18;2330;0.00;10.45;93.30;0.00;0.68;189.20
VA06;Tordesillas;2002-12-18;2400;0.00;10.14;93.50;0.00;0.18;114.80
VA07;Valbuena de Duero;2002-12-18;0030;0.00;12.24;85.60;0.00;1.49;77.90
VA07;Valbuena de Duero;2002-12-18;0100;0.00;11.68;86.60;0.02;0.54;81.90
VA07;Valbuena de Duero;2002-12-18;0130;0.00;11.66;87.60;0.00;1.46;11.51
VA07;Valbuena de Duero;2002-12-18;0200;0.20;11.86;86.80;0.01;1.49;54.39
VA07;Valbuena de Duero;2002-12-18;0230;0.00;11.77;87.70;0.01;1.06;84.70
VA07;Valbuena de Duero;2002-12-18;0300;0.20;11.77;87.50;0.03;0.90;28.90
VA07;Valbuena de Duero;2002-12-18;0330;0.40;11.45;89.90;0.01;0.81;68.51
VA07;Valbuena de Duero;2002-12-18;0400;0.20;11.21;91.50;0.02;1.01;52.58
VA07;Valbuena de Duero;2002-12-18;0430;0.20;11.39;91.10;0.01;0.98;352.90
VA07;Valbuena de Duero;2002-12-18;0500;0.80;11.32;91.20;0.00;0.52;359.60
VA07;Valbuena de Duero;2002-12-18;0530;0.20;11.33;92.10;0.00;0.77;43.28
VA07;Valbuena de Duero;2002-12-18;0600;0.60;11.14;92.40;0.02;1.29;16.42
VA07;Valbuena de Duero;2002-12-18;0630;0.00;10.72;93.10;0.02;1.19;41.76
VA07;Valbuena de Duero;2002-12-18;0700;0.20;10.45;94.20;0.02;0.40;102.40
VA07;Valbuena de Duero;2002-12-18;0730;0.00;10.23;94.70;0.52;0.49;41.76
VA07;Valbuena de Duero;2002-12-18;0800;0.20;10.54;95.00;8.79;0.56;98.70
VA07;Valbuena de Duero;2002-12-18;0830;0.00;10.48;94.80;21.73;0.75;114.00
VA07;Valbuena de Duero;2002-12-18;0900;0.00;10.52;95.40;27.45;1.43;123.20
VA07;Valbuena de Duero;2002-12-18;0930;0.00;11.04;95.00;104.10;1.72;99.00
VA07;Valbuena de Duero;2002-12-18;1000;0.00;12.50;90.00;215.60;1.86;116.30
VA07;Valbuena de Duero;2002-12-18;1030;0.00;12.95;86.50;181.00;1.27;119.50
VA07;Valbuena de Duero;2002-12-18;1100;0.00;13.25;85.90;214.30;1.61;109.80
VA07;Valbuena de Duero;2002-12-18;1130;0.00;14.26;83.00;308.80;2.11;114.30
VA07;Valbuena de Duero;2002-12-18;1200;0.00;14.84;81.60;274.20;2.29;116.30
VA07;Valbuena de Duero;2002-12-18;1230;0.00;15.54;74.60;211.70;2.34;169.80
VA07;Valbuena de Duero;2002-12-18;1300;0.00;15.72;73.10;236.60;2.41;176.20
VA07;Valbuena de Duero;2002-12-18;1330;0.00;16.52;71.00;389.70;2.45;168.00
VA07;Valbuena de Duero;2002-12-18;1400;0.00;16.74;69.64;326.70;1.97;182.10
VA07;Valbuena de Duero;2002-12-18;1430;0.00;16.49;69.86;241.40;2.08;181.80
VA07;Valbuena de Duero;2002-12-18;1500;0.00;16.26;68.59;145.10;1.75;186.20
VA07;Valbuena de Duero;2002-12-18;1530;0.00;15.75;71.40;65.79;1.14;165.70
VA07;Valbuena de Duero;2002-12-18;1600;0.00;15.41;72.40;53.75;1.72;123.80
VA07;Valbuena de Duero;2002-12-18;1630;0.00;14.12;78.90;11.80;1.19;77.50
VA07;Valbuena de Duero;2002-12-18;1700;0.00;13.51;80.10;0.41;0.95;108.20
VA07;Valbuena de Duero;2002-12-18;1730;0.00;12.97;81.10;0.00;0.93;110.60
VA07;Valbuena de Duero;2002-12-18;1800;0.00;12.59;82.10;0.00;1.18;84.70
VA07;Valbuena de Duero;2002-12-18;1830;0.00;12.91;79.60;0.00;1.32;88.80
VA07;Valbuena de Duero;2002-12-18;1900;0.00;12.34;82.10;0.00;1.33;113.90
VA07;Valbuena de Duero;2002-12-18;1930;0.00;11.13;87.40;0.00;0.82;79.80
VA07;Valbuena de Duero;2002-12-18;2000;0.00;10.96;89.10;0.00;0.42;118.90
VA07;Valbuena de Duero;2002-12-18;2030;0.00;10.61;90.70;0.01;1.01;90.50
VA07;Valbuena de Duero;2002-12-18;2100;0.00;10.88;90.60;0.01;0.61;146.20
VA07;Valbuena de Duero;2002-12-18;2130;0.20;11.31;87.80;0.00;1.29;119.20
VA07;Valbuena de Duero;2002-12-18;2200;0.20;12.08;86.40;0.01;3.15;180.70
VA07;Valbuena de Duero;2002-12-18;2230;0.00;12.56;84.60;0.00;2.82;203.40
VA07;Valbuena de Duero;2002-12-18;2300;0.00;11.95;86.50;0.00;1.62;201.80
VA07;Valbuena de Duero;2002-12-18;2330;0.00;11.74;86.50;0.00;1.79;275.50
VA07;Valbuena de Duero;2002-12-18;2400;0.60;11.25;88.50;0.00;0.54;338.10
ZA01;Colinas de Trasmonte;2002-12-18;0030;0.00;10.78;94.40;0.00;0.94;110.40
ZA01;Colinas de Trasmonte;2002-12-18;0100;0.00;10.85;94.30;0.00;0.77;133.20
ZA01;Colinas de Trasmonte;2002-12-18;0130;0.00;10.69;94.40;0.00;0.76;114.20
ZA01;Colinas de Trasmonte;2002-12-18;0200;0.00;10.80;94.30;0.00;0.78;89.80
ZA01;Colinas de Trasmonte;2002-12-18;0230;0.00;10.80;94.30;0.00;0.58;113.20
ZA01;Colinas de Trasmonte;2002-12-18;0300;0.20;10.40;94.30;0.00;0.47;136.10
ZA01;Colinas de Trasmonte;2002-12-18;0330;0.00;10.24;94.30;0.00;0.55;126.60
ZA01;Colinas de Trasmonte;2002-12-18;0400;0.00;10.24;94.30;0.00;0.72;149.80
ZA01;Colinas de Trasmonte;2002-12-18;0430;0.00;10.20;94.40;0.00;1.36;160.60
ZA01;Colinas de Trasmonte;2002-12-18;0500;0.00;10.35;94.40;0.00;1.11;161.60
ZA01;Colinas de Trasmonte;2002-12-18;0530;0.60;10.11;94.40;0.00;1.04;157.20
ZA01;Colinas de Trasmonte;2002-12-18;0600;0.20;10.38;94.50;0.00;0.80;150.30
ZA01;Colinas de Trasmonte;2002-12-18;0630;0.00;10.47;94.50;0.00;0.99;148.90
ZA01;Colinas de Trasmonte;2002-12-18;0700;0.00;10.40;94.60;0.00;1.00;144.60
ZA01;Colinas de Trasmonte;2002-12-18;0730;0.00;10.49;94.50;1.39;1.09;151.90
ZA01;Colinas de Trasmonte;2002-12-18;0800;0.00;10.11;94.50;16.66;0.75;158.70
ZA01;Colinas de Trasmonte;2002-12-18;0830;0.00;10.18;94.60;51.02;1.09;160.10
ZA01;Colinas de Trasmonte;2002-12-18;0900;0.00;11.23;94.60;101.50;1.38;167.60
ZA01;Colinas de Trasmonte;2002-12-18;0930;0.00;12.08;94.30;170.50;1.66;184.20
ZA01;Colinas de Trasmonte;2002-12-18;1000;0.00;12.14;93.40;121.60;1.30;163.00
ZA01;Colinas de Trasmonte;2002-12-18;1030;0.00;13.37;89.90;302.10;2.02;187.80
ZA01;Colinas de Trasmonte;2002-12-18;1100;0.20;13.67;82.70;268.20;2.32;186.20
ZA01;Colinas de Trasmonte;2002-12-18;1130;0.00;14.29;80.00;323.70;2.60;183.70
ZA01;Colinas de Trasmonte;2002-12-18;1200;0.00;14.60;77.70;279.00;2.13;187.10
ZA01;Colinas de Trasmonte;2002-12-18;1230;0.00;14.69;75.60;241.70;1.89;188.50
ZA01;Colinas de Trasmonte;2002-12-18;1300;0.00;14.46;77.60;106.40;1.75;174.80
ZA01;Colinas de Trasmonte;2002-12-18;1330;0.00;13.86;81.90;129.60;1.89;166.30
ZA01;Colinas de Trasmonte;2002-12-18;1400;0.00;14.00;83.00;245.20;1.69;162.80
ZA01;Colinas de Trasmonte;2002-12-18;1430;0.00;14.49;79.20;137.20;1.19;147.50
ZA01;Colinas de Trasmonte;2002-12-18;1500;0.00;14.29;80.30;78.50;0.92;146.10
ZA01;Colinas de Trasmonte;2002-12-18;1530;0.20;13.79;83.90;32.47;1.06;138.00
ZA01;Colinas de Trasmonte;2002-12-18;1600;0.00;12.93;88.00;19.86;1.05;137.80
ZA01;Colinas de Trasmonte;2002-12-18;1630;0.20;12.62;89.80;2.64;0.81;145.60
ZA01;Colinas de Trasmonte;2002-12-18;1700;0.60;12.40;91.30;0.00;0.81;147.80
ZA01;Colinas de Trasmonte;2002-12-18;1730;0.00;11.93;91.90;0.00;0.69;124.60
ZA01;Colinas de Trasmonte;2002-12-18;1800;1.00;11.53;92.40;0.00;0.48;147.70
ZA01;Colinas de Trasmonte;2002-12-18;1830;0.40;11.74;92.80;0.00;0.68;153.30
ZA01;Colinas de Trasmonte;2002-12-18;1900;0.00;11.65;92.90;0.00;0.53;161.20
ZA01;Colinas de Trasmonte;2002-12-18;1930;0.00;11.40;93.00;0.00;0.86;168.30
ZA01;Colinas de Trasmonte;2002-12-18;2000;0.20;11.54;92.40;0.00;1.36;185.70
ZA01;Colinas de Trasmonte;2002-12-18;2030;0.80;11.31;91.00;0.00;1.85;189.80
ZA01;Colinas de Trasmonte;2002-12-18;2100;0.80;10.93;91.20;0.00;1.06;149.20
ZA01;Colinas de Trasmonte;2002-12-18;2130;0.00;10.51;91.90;0.00;0.74;134.30
ZA01;Colinas de Trasmonte;2002-12-18;2200;0.00;10.04;92.40;0.00;0.51;205.70
ZA01;Colinas de Trasmonte;2002-12-18;2230;0.00;9.98;92.80;0.00;0.14;63.74
ZA01;Colinas de Trasmonte;2002-12-18;2300;0.00;9.97;93.10;0.00;0.53;136.80
ZA01;Colinas de Trasmonte;2002-12-18;2330;0.00;9.66;93.10;0.00;0.28;152.00
ZA01;Colinas de Trasmonte;2002-12-18;2400;0.00;9.06;93.30;0.00;0.56;71.40
ZA02;Villaralbo;2002-12-18;0030;24.80;10.34;94.00;0.00;0.51;106.30
ZA02;Villaralbo;2002-12-18;0100;27.40;10.10;94.30;0.00;0.37;111.40
ZA02;Villaralbo;2002-12-18;0130;23.40;10.44;94.40;0.00;0.55;126.10
ZA02;Villaralbo;2002-12-18;0200;18.00;10.51;94.10;0.00;0.48;113.90
ZA02;Villaralbo;2002-12-18;0230;12.20;10.20;94.40;0.00;0.52;86.50
ZA02;Villaralbo;2002-12-18;0300;12.20;10.03;94.70;0.00;0.28;87.10
ZA02;Villaralbo;2002-12-18;0330;9.80;10.29;95.00;0.00;0.48;100.70
ZA02;Villaralbo;2002-12-18;0400;8.60;11.13;94.90;0.00;0.80;131.20
ZA02;Villaralbo;2002-12-18;0430;8.60;11.38;94.30;0.00;0.63;144.80
ZA02;Villaralbo;2002-12-18;0500;3.20;11.12;94.10;0.00;0.57;110.90
ZA02;Villaralbo;2002-12-18;0530;2.00;11.26;93.90;0.00;1.12;128.30
ZA02;Villaralbo;2002-12-18;0600;13.00;11.12;93.80;0.00;0.63;110.00
ZA02;Villaralbo;2002-12-18;0630;10.20;10.94;94.10;0.00;0.71;114.40
ZA02;Villaralbo;2002-12-18;0700;3.40;11.07;93.80;0.00;0.92;121.90
ZA02;Villaralbo;2002-12-18;0730;5.40;10.43;93.60;1.49;0.73;117.90
ZA02;Villaralbo;2002-12-18;0800;10.40;10.05;93.90;17.90;0.91;122.40
ZA02;Villaralbo;2002-12-18;0830;23.80;10.43;93.80;85.50;1.34;132.50
ZA02;Villaralbo;2002-12-18;0900;20.00;11.29;92.10;82.70;1.63;129.40
ZA02;Villaralbo;2002-12-18;0930;15.60;11.99;89.50;121.50;2.07;141.80
ZA02;Villaralbo;2002-12-18;1000;15.40;11.99;89.50;105.50;1.68;136.40
ZA02;Villaralbo;2002-12-18;1030;12.00;13.13;87.80;255.50;1.81;135.10
ZA02;Villaralbo;2002-12-18;1100;17.20;13.97;83.70;266.40;1.98;138.00
ZA02;Villaralbo;2002-12-18;1130;21.60;14.37;82.40;207.80;1.86;139.20
ZA02;Villaralbo;2002-12-18;1200;19.80;14.68;81.10;222.20;1.92;136.60
ZA02;Villaralbo;2002-12-18;1230;34.60;14.90;77.60;129.20;1.81;169.20
ZA02;Villaralbo;2002-12-18;1300;21.40;15.52;76.80;342.60;2.22;170.20
ZA02;Villaralbo;2002-12-18;1330;10.00;15.65;73.20;115.10;2.50;170.10
ZA02;Villaralbo;2002-12-18;1400;9.20;14.96;75.80;64.99;2.18;161.50
ZA02;Villaralbo;2002-12-18;1430;8.80;15.40;74.10;180.70;1.79;154.20
ZA02;Villaralbo;2002-12-18;1500;2.60;15.33;75.00;63.87;1.09;150.40
ZA02;Villaralbo;2002-12-18;1530;8.60;14.69;78.90;26.18;0.70;109.00
ZA02;Villaralbo;2002-12-18;1600;9.80;14.14;81.10;13.37;0.57;102.90
ZA02;Villaralbo;2002-12-18;1630;7.20;13.55;83.70;6.99;0.71;126.30
ZA02;Villaralbo;2002-12-18;1700;3.60;12.92;86.70;0.13;0.52;137.10
ZA02;Villaralbo;2002-12-18;1730;2.60;12.52;88.80;0.00;0.84;142.80
ZA02;Villaralbo;2002-12-18;1800;1.40;12.52;88.40;0.00;1.09;116.00
ZA02;Villaralbo;2002-12-18;1830;4.20;12.04;87.70;0.00;0.79;140.40
ZA02;Villaralbo;2002-12-18;1900;3.80;12.03;87.10;0.00;1.70;207.00
ZA02;Villaralbo;2002-12-18;1930;4.60;11.71;89.90;0.00;2.55;203.90
ZA02;Villaralbo;2002-12-18;2000;1.20;11.45;91.00;0.00;1.52;171.60
ZA02;Villaralbo;2002-12-18;2030;1.20;10.93;91.60;0.00;1.39;137.30
ZA02;Villaralbo;2002-12-18;2100;1.60;10.69;91.80;0.00;1.43;137.50
ZA02;Villaralbo;2002-12-18;2130;1.60;10.44;92.00;0.00;1.24;132.60
ZA02;Villaralbo;2002-12-18;2200;1.80;10.48;91.70;0.00;1.40;143.30
ZA02;Villaralbo;2002-12-18;2230;1.80;10.62;91.10;0.00;1.37;147.40
ZA02;Villaralbo;2002-12-18;2300;2.20;10.76;90.40;0.00;1.29;151.80
ZA02;Villaralbo;2002-12-18;2330;2.80;10.58;90.90;0.00;0.87;157.80
ZA02;Villaralbo;2002-12-18;2400;0.40;10.53;90.60;0.00;0.19;146.00
ZA04;Villalpando;2002-12-18;0030;0.00;10.74;94.70;0.00;0.90;76.80
ZA04;Villalpando;2002-12-18;0100;0.00;10.57;94.80;0.00;0.81;127.80
ZA04;Villalpando;2002-12-18;0130;0.00;10.70;94.00;0.00;0.68;164.90
ZA04;Villalpando;2002-12-18;0200;0.20;10.46;94.00;0.00;1.00;133.40
ZA04;Villalpando;2002-12-18;0230;0.00;10.97;93.00;0.00;1.93;149.20
ZA04;Villalpando;2002-12-18;0300;0.20;10.92;93.20;0.00;1.33;144.90
ZA04;Villalpando;2002-12-18;0330;0.00;10.83;93.80;0.00;1.39;140.10
ZA04;Villalpando;2002-12-18;0400;0.20;10.68;94.10;0.00;1.93;139.10
ZA04;Villalpando;2002-12-18;0430;0.00;10.74;94.20;0.00;1.84;144.20
ZA04;Villalpando;2002-12-18;0500;0.20;10.83;94.10;0.00;1.60;150.50
ZA04;Villalpando;2002-12-18;0530;0.00;10.65;94.20;0.00;1.35;145.50
ZA04;Villalpando;2002-12-18;0600;0.20;10.59;94.40;0.00;2.08;138.40
ZA04;Villalpando;2002-12-18;0630;0.00;10.74;94.00;0.00;2.17;137.70
ZA04;Villalpando;2002-12-18;0700;0.00;10.77;93.90;0.00;2.21;133.90
ZA04;Villalpando;2002-12-18;0730;0.00;10.85;93.70;1.20;1.92;133.60
ZA04;Villalpando;2002-12-18;0800;0.20;10.68;93.80;11.40;2.15;132.00
ZA04;Villalpando;2002-12-18;0830;0.00;10.68;94.10;67.25;2.28;136.10
ZA04;Villalpando;2002-12-18;0900;0.00;11.86;91.00;134.00;2.71;149.80
ZA04;Villalpando;2002-12-18;0930;0.00;12.35;89.10;170.50;2.69;148.60
ZA04;Villalpando;2002-12-18;1000;0.00;13.06;86.30;210.80;3.24;154.90
ZA04;Villalpando;2002-12-18;1030;0.00;13.69;83.50;294.00;3.29;151.30
ZA04;Villalpando;2002-12-18;1100;0.00;14.32;81.70;329.50;3.53;143.00
ZA04;Villalpando;2002-12-18;1130;0.00;14.83;78.00;381.80;3.28;158.90
ZA04;Villalpando;2002-12-18;1200;0.00;14.80;77.40;226.10;2.61;160.00
ZA04;Villalpando;2002-12-18;1230;0.00;14.56;78.50;129.10;2.33;171.00
ZA04;Villalpando;2002-12-18;1300;0.00;14.60;77.40;149.40;1.94;159.20
ZA04;Villalpando;2002-12-18;1330;0.00;14.43;78.10;148.30;1.86;165.60
ZA04;Villalpando;2002-12-18;1400;0.00;14.56;77.90;193.90;1.91;148.20
ZA04;Villalpando;2002-12-18;1430;0.00;14.62;78.80;110.80;1.99;127.50
ZA04;Villalpando;2002-12-18;1500;0.20;14.33;81.70;69.66;1.78;118.10
ZA04;Villalpando;2002-12-18;1530;0.00;13.84;86.20;69.54;1.42;113.50
ZA04;Villalpando;2002-12-18;1600;0.00;13.40;89.00;29.45;0.90;80.80
ZA04;Villalpando;2002-12-18;1630;0.00;12.73;90.90;6.47;1.46;50.29
ZA04;Villalpando;2002-12-18;1700;0.00;12.55;91.50;0.29;1.67;41.52
ZA04;Villalpando;2002-12-18;1730;0.40;12.20;92.40;0.00;1.15;75.30
ZA04;Villalpando;2002-12-18;1800;0.00;11.58;93.80;0.00;1.06;83.70
ZA04;Villalpando;2002-12-18;1830;0.00;11.14;94.50;0.00;0.81;99.40
ZA04;Villalpando;2002-12-18;1900;0.00;11.19;94.70;0.00;1.03;127.50
ZA04;Villalpando;2002-12-18;1930;0.00;11.55;93.60;0.00;1.20;147.60
ZA04;Villalpando;2002-12-18;2000;0.20;11.68;92.10;0.00;1.76;197.80
ZA04;Villalpando;2002-12-18;2030;0.20;11.54;91.00;0.00;2.74;207.50
ZA04;Villalpando;2002-12-18;2100;1.20;11.14;91.50;0.00;1.98;186.70
ZA04;Villalpando;2002-12-18;2130;0.20;10.70;92.50;0.00;1.27;131.80
ZA04;Villalpando;2002-12-18;2200;0.20;10.52;93.80;0.00;1.45;117.00
ZA04;Villalpando;2002-12-18;2230;0.00;10.32;93.60;0.00;0.97;137.90
ZA04;Villalpando;2002-12-18;2300;0.00;10.12;93.60;0.00;0.35;189.40
ZA04;Villalpando;2002-12-18;2330;0.00;9.83;94.00;0.00;0.52;140.40
ZA04;Villalpando;2002-12-18;2400;0.00;9.79;94.00;0.00;0.49;13.84
ZA05;Pozuelo de Tabara;2002-12-18;0030;0.00;10.16;93.60;0.00;0.88;192.00
ZA05;Pozuelo de Tabara;2002-12-18;0100;0.00;10.09;93.60;0.00;0.31;239.70
ZA05;Pozuelo de Tabara;2002-12-18;0130;0.00;9.69;93.70;0.00;0.40;333.70
ZA05;Pozuelo de Tabara;2002-12-18;0200;1.00;9.80;94.00;0.00;0.54;71.80
ZA05;Pozuelo de Tabara;2002-12-18;0230;1.00;9.47;94.00;0.00;0.14;267.80
ZA05;Pozuelo de Tabara;2002-12-18;0300;0.40;9.38;94.10;0.00;0.46;146.10
ZA05;Pozuelo de Tabara;2002-12-18;0330;0.20;9.60;94.40;0.00;0.60;16.82
ZA05;Pozuelo de Tabara;2002-12-18;0400;0.00;9.62;94.40;0.00;0.18;127.00
ZA05;Pozuelo de Tabara;2002-12-18;0430;0.00;8.98;94.20;0.00;0.19;296.00
ZA05;Pozuelo de Tabara;2002-12-18;0500;0.20;9.00;94.50;0.00;0.12;209.30
ZA05;Pozuelo de Tabara;2002-12-18;0530;0.40;9.41;94.60;0.00;0.94;158.40
ZA05;Pozuelo de Tabara;2002-12-18;0600;0.00;10.02;94.60;0.00;1.20;165.80
ZA05;Pozuelo de Tabara;2002-12-18;0630;0.20;9.60;94.40;0.00;0.98;166.00
ZA05;Pozuelo de Tabara;2002-12-18;0700;0.20;9.73;94.50;0.00;1.34;147.40
ZA05;Pozuelo de Tabara;2002-12-18;0730;0.00;9.54;94.40;1.80;1.65;167.20
ZA05;Pozuelo de Tabara;2002-12-18;0800;0.00;9.89;94.40;24.46;1.62;175.20
ZA05;Pozuelo de Tabara;2002-12-18;0830;0.00;10.20;94.20;81.80;1.15;141.30
ZA05;Pozuelo de Tabara;2002-12-18;0900;0.00;10.50;93.60;149.30;1.12;141.70
ZA05;Pozuelo de Tabara;2002-12-18;0930;0.00;11.86;92.10;205.10;1.65;159.60
ZA05;Pozuelo de Tabara;2002-12-18;1000;0.00;12.55;88.80;237.60;1.73;168.70
ZA05;Pozuelo de Tabara;2002-12-18;1030;0.00;13.53;85.00;318.80;2.62;183.40
ZA05;Pozuelo de Tabara;2002-12-18;1100;0.00;13.94;81.60;312.90;2.73;152.00
ZA05;Pozuelo de Tabara;2002-12-18;1130;0.00;13.99;83.50;371.10;2.24;144.50
ZA05;Pozuelo de Tabara;2002-12-18;1200;0.00;14.21;82.30;296.00;2.86;157.30
ZA05;Pozuelo de Tabara;2002-12-18;1230;0.00;13.81;82.50;177.00;2.23;154.20
ZA05;Pozuelo de Tabara;2002-12-18;1300;0.20;13.46;84.20;110.10;2.11;153.30
ZA05;Pozuelo de Tabara;2002-12-18;1330;0.00;13.93;83.50;311.30;2.35;137.80
ZA05;Pozuelo de Tabara;2002-12-18;1400;0.00;14.54;79.00;160.60;2.47;141.70
ZA05;Pozuelo de Tabara;2002-12-18;1430;0.00;14.34;80.80;115.10;2.30;133.60
ZA05;Pozuelo de Tabara;2002-12-18;1500;0.20;14.16;81.30;79.80;2.29;150.60
ZA05;Pozuelo de Tabara;2002-12-18;1530;0.20;13.45;85.30;21.00;1.91;152.40
ZA05;Pozuelo de Tabara;2002-12-18;1600;0.40;12.86;88.60;11.80;1.57;164.70
ZA05;Pozuelo de Tabara;2002-12-18;1630;0.00;12.44;89.90;5.31;1.78;145.00
ZA05;Pozuelo de Tabara;2002-12-18;1700;0.20;12.13;91.40;0.23;0.91;134.70
ZA05;Pozuelo de Tabara;2002-12-18;1730;3.20;11.94;92.20;0.00;0.69;166.40
ZA05;Pozuelo de Tabara;2002-12-18;1800;0.20;12.25;91.80;0.00;1.77;161.90
ZA05;Pozuelo de Tabara;2002-12-18;1830;0.00;11.83;92.40;0.00;1.40;177.80
ZA05;Pozuelo de Tabara;2002-12-18;1900;0.00;11.84;90.80;0.00;2.48;181.80
ZA05;Pozuelo de Tabara;2002-12-18;1930;0.60;11.64;88.30;0.00;3.49;199.30
ZA05;Pozuelo de Tabara;2002-12-18;2000;1.20;11.15;88.60;0.00;3.78;197.50
ZA05;Pozuelo de Tabara;2002-12-18;2030;0.40;10.84;90.30;0.00;2.24;165.00
ZA05;Pozuelo de Tabara;2002-12-18;2100;0.00;10.55;90.60;0.00;1.24;131.00
ZA05;Pozuelo de Tabara;2002-12-18;2130;0.00;10.51;90.70;0.00;1.34;225.30
ZA05;Pozuelo de Tabara;2002-12-18;2200;0.00;10.24;90.90;0.00;0.84;154.90
ZA05;Pozuelo de Tabara;2002-12-18;2230;0.00;10.09;91.70;0.00;1.38;185.10
ZA05;Pozuelo de Tabara;2002-12-18;2300;0.00;9.82;91.90;0.00;0.50;208.90
ZA05;Pozuelo de Tabara;2002-12-18;2330;0.00;9.38;92.20;0.00;0.48;182.70
ZA05;Pozuelo de Tabara;2002-12-18;2400;0.00;9.09;92.10;0.00;0.39;246.40
ZA06;Barcial del Barco;2002-12-18;0030;0.00;10.88;94.40;0.00;1.34;167.60
ZA06;Barcial del Barco;2002-12-18;0100;0.00;10.98;94.50;0.00;1.19;190.20
ZA06;Barcial del Barco;2002-12-18;0130;0.00;11.00;94.10;0.00;1.32;174.10
ZA06;Barcial del Barco;2002-12-18;0200;0.00;10.91;93.90;0.00;0.91;173.50
ZA06;Barcial del Barco;2002-12-18;0230;0.60;10.48;93.80;0.00;0.15;109.50
ZA06;Barcial del Barco;2002-12-18;0300;0.20;10.55;94.50;0.00;1.06;155.70
ZA06;Barcial del Barco;2002-12-18;0330;1.60;10.53;94.60;0.00;1.67;168.30
ZA06;Barcial del Barco;2002-12-18;0400;0.00;10.56;94.90;0.00;1.55;171.70
ZA06;Barcial del Barco;2002-12-18;0430;0.00;10.56;95.10;0.00;1.91;182.30
ZA06;Barcial del Barco;2002-12-18;0500;0.20;10.53;95.10;0.00;1.88;183.20
ZA06;Barcial del Barco;2002-12-18;0530;0.20;10.54;95.30;0.00;2.63;192.50
ZA06;Barcial del Barco;2002-12-18;0600;0.40;10.60;95.00;0.00;2.26;191.40
ZA06;Barcial del Barco;2002-12-18;0630;0.00;10.51;95.10;0.00;1.84;177.90
ZA06;Barcial del Barco;2002-12-18;0700;0.20;10.42;95.10;0.00;1.68;179.20
ZA06;Barcial del Barco;2002-12-18;0730;0.00;10.42;95.20;1.40;1.99;183.80
ZA06;Barcial del Barco;2002-12-18;0800;0.00;10.43;95.10;10.88;2.60;194.70
ZA06;Barcial del Barco;2002-12-18;0830;0.00;10.54;94.90;64.01;2.83;193.60
ZA06;Barcial del Barco;2002-12-18;0900;0.00;11.16;93.70;110.50;2.48;191.60
ZA06;Barcial del Barco;2002-12-18;0930;0.00;11.74;91.90;203.20;2.72;197.30
ZA06;Barcial del Barco;2002-12-18;1000;0.00;12.33;89.90;211.80;2.94;203.60
ZA06;Barcial del Barco;2002-12-18;1030;0.00;13.25;87.50;325.10;2.60;205.60
ZA06;Barcial del Barco;2002-12-18;1100;0.00;13.86;84.90;368.20;2.56;199.80
ZA06;Barcial del Barco;2002-12-18;1130;0.00;14.14;83.60;341.40;2.42;199.80
ZA06;Barcial del Barco;2002-12-18;1200;0.00;14.29;81.80;270.90;2.56;205.80
ZA06;Barcial del Barco;2002-12-18;1230;0.00;13.87;83.20;135.00;2.66;200.70
ZA06;Barcial del Barco;2002-12-18;1300;0.20;13.58;84.80;93.50;1.86;201.90
ZA06;Barcial del Barco;2002-12-18;1330;0.00;13.56;86.80;166.10;1.65;196.00
ZA06;Barcial del Barco;2002-12-18;1400;0.00;14.25;82.60;230.40;2.08;199.40
ZA06;Barcial del Barco;2002-12-18;1430;0.00;14.32;81.00;117.50;1.92;197.90
ZA06;Barcial del Barco;2002-12-18;1500;0.00;14.23;82.70;86.30;1.61;193.00
ZA06;Barcial del Barco;2002-12-18;1530;0.00;13.85;84.70;56.97;1.82;188.30
ZA06;Barcial del Barco;2002-12-18;1600;0.00;13.07;89.20;22.84;1.51;176.20
ZA06;Barcial del Barco;2002-12-18;1630;0.60;12.66;91.40;4.49;1.08;177.30
ZA06;Barcial del Barco;2002-12-18;1700;0.00;12.39;92.20;0.22;0.64;187.30
ZA06;Barcial del Barco;2002-12-18;1730;0.20;12.26;92.20;0.00;0.61;168.50
ZA06;Barcial del Barco;2002-12-18;1800;0.20;12.18;91.70;0.00;0.44;150.20
ZA06;Barcial del Barco;2002-12-18;1830;0.00;12.31;90.80;0.00;1.10;175.00
ZA06;Barcial del Barco;2002-12-18;1900;0.00;12.15;90.80;0.00;1.65;187.20
ZA06;Barcial del Barco;2002-12-18;1930;0.00;11.84;90.60;0.00;2.75;200.40
ZA06;Barcial del Barco;2002-12-18;2000;0.00;11.62;90.00;0.00;3.07;207.60
ZA06;Barcial del Barco;2002-12-18;2030;0.20;11.22;91.10;0.00;2.32;217.50
ZA06;Barcial del Barco;2002-12-18;2100;0.80;11.02;92.70;0.00;1.60;198.60
ZA06;Barcial del Barco;2002-12-18;2130;0.00;10.68;93.50;0.00;1.78;211.50
ZA06;Barcial del Barco;2002-12-18;2200;0.00;10.44;94.10;0.00;1.49;216.10
ZA06;Barcial del Barco;2002-12-18;2230;0.00;10.31;94.20;0.00;2.04;210.30
ZA06;Barcial del Barco;2002-12-18;2300;0.00;10.33;93.30;0.00;2.00;200.00
ZA06;Barcial del Barco;2002-12-18;2330;0.00;9.96;93.30;0.00;1.58;190.90
ZA06;Barcial del Barco;2002-12-18;2400;0.00;9.60;93.30;0.00;0.38;239.40
ZA07;Toro;2002-12-18;0030;0.00;10.24;95.70;0.00;0.95;126.10
ZA07;Toro;2002-12-18;0100;0.20;10.09;95.60;0.00;0.49;57.41
ZA07;Toro;2002-12-18;0130;0.20;10.26;95.30;0.00;1.00;112.40
ZA07;Toro;2002-12-18;0200;0.00;10.06;95.50;0.00;1.11;147.00
ZA07;Toro;2002-12-18;0230;0.00;10.22;95.60;0.00;1.02;112.60
ZA07;Toro;2002-12-18;0300;0.20;10.33;95.70;0.00;1.18;148.10
ZA07;Toro;2002-12-18;0330;0.80;10.56;95.70;0.00;1.18;130.70
ZA07;Toro;2002-12-18;0400;0.20;11.63;95.10;0.00;1.34;156.10
ZA07;Toro;2002-12-18;0430;0.40;11.94;92.80;0.00;1.16;122.70
ZA07;Toro;2002-12-18;0500;0.20;11.29;93.60;0.00;0.58;78.00
ZA07;Toro;2002-12-18;0530;0.60;10.98;94.50;0.00;0.99;97.80
ZA07;Toro;2002-12-18;0600;0.00;11.13;94.80;0.00;1.24;115.20
ZA07;Toro;2002-12-18;0630;0.00;11.11;94.70;0.00;1.85;116.20
ZA07;Toro;2002-12-18;0700;0.00;10.98;94.70;0.00;1.47;119.40
ZA07;Toro;2002-12-18;0730;0.00;10.35;94.70;1.28;1.43;125.20
ZA07;Toro;2002-12-18;0800;0.00;9.75;95.00;12.15;1.04;139.70
ZA07;Toro;2002-12-18;0830;0.00;10.12;95.50;62.50;1.53;130.30
ZA07;Toro;2002-12-18;0900;0.00;10.92;95.20;67.46;2.00;113.60
ZA07;Toro;2002-12-18;0930;0.00;11.34;94.60;110.40;1.72;117.80
ZA07;Toro;2002-12-18;1000;0.00;12.32;89.90;95.40;1.78;132.40
ZA07;Toro;2002-12-18;1030;0.00;12.54;89.90;145.60;2.15;111.30
ZA07;Toro;2002-12-18;1100;0.00;13.24;89.60;212.70;1.77;117.10
ZA07;Toro;2002-12-18;1130;0.00;14.15;83.80;231.40;2.37;116.90
ZA07;Toro;2002-12-18;1200;0.00;14.45;80.30;168.50;2.09;128.00
ZA07;Toro;2002-12-18;1230;0.00;14.67;80.70;208.90;1.48;117.50
ZA07;Toro;2002-12-18;1300;0.00;15.57;76.90;238.00;1.69;160.10
ZA07;Toro;2002-12-18;1330;0.00;15.62;74.40;106.10;1.83;155.70
ZA07;Toro;2002-12-18;1400;0.00;15.39;76.90;63.90;1.52;146.20
ZA07;Toro;2002-12-18;1430;0.00;15.31;75.70;104.50;1.33;128.10
ZA07;Toro;2002-12-18;1500;0.00;15.31;74.90;78.90;1.52;120.60
ZA07;Toro;2002-12-18;1530;0.00;14.89;76.60;24.45;1.10;102.00
ZA07;Toro;2002-12-18;1600;0.00;14.42;84.30;13.50;1.02;115.00
ZA07;Toro;2002-12-18;1630;0.00;13.66;87.30;4.66;0.82;122.30
ZA07;Toro;2002-12-18;1700;0.20;13.15;89.10;0.14;1.04;114.70
ZA07;Toro;2002-12-18;1730;0.00;12.73;89.60;0.00;0.73;126.40
ZA07;Toro;2002-12-18;1800;0.40;13.02;86.40;0.00;1.69;177.60
ZA07;Toro;2002-12-18;1830;0.00;12.51;87.00;0.00;0.96;130.60
ZA07;Toro;2002-12-18;1900;0.00;12.05;89.30;0.00;0.90;317.90
ZA07;Toro;2002-12-18;1930;2.00;12.14;87.70;0.00;2.27;252.80
ZA07;Toro;2002-12-18;2000;1.00;11.74;89.90;0.00;2.29;216.50
ZA07;Toro;2002-12-18;2030;0.80;11.15;88.70;0.00;0.98;115.00
ZA07;Toro;2002-12-18;2100;0.00;10.75;92.00;0.00;1.27;130.60
ZA07;Toro;2002-12-18;2130;0.00;10.51;93.40;0.00;1.41;112.00
ZA07;Toro;2002-12-18;2200;0.00;10.42;93.40;0.00;1.33;131.90
ZA07;Toro;2002-12-18;2230;0.00;10.26;93.60;0.00;1.25;112.60
ZA07;Toro;2002-12-18;2300;0.00;10.28;93.50;0.00;1.41;108.30
ZA07;Toro;2002-12-18;2330;0.00;10.20;94.10;0.00;0.96;133.20
ZA07;Toro;2002-12-18;2400;0.00;10.29;94.40;0.00;0.31;165.70
