Codigo;Ubicacion;Fecha (AAAA-MM-DD);Hora (HHMM);Precipitacion (mm);Temperatura (oC);Humedad relativa (%);Radiacion (W/m2);Vel. viento (m/s);Dir. viento (o)
AV01;Nava de Arevalo;2002-01-07;0030;0.00;3.25;72.00;0.00;3.78;143.70
AV01;Nava de Arevalo;2002-01-07;0100;0.00;3.47;71.10;0.00;3.56;130.10
AV01;Nava de Arevalo;2002-01-07;0130;0.00;2.88;72.50;0.00;2.00;109.40
AV01;Nava de Arevalo;2002-01-07;0200;0.00;0.88;79.20;0.00;0.91;88.80
AV01;Nava de Arevalo;2002-01-07;0230;0.00;-0.09;84.60;0.00;1.15;63.45
AV01;Nava de Arevalo;2002-01-07;0300;0.00;0.67;79.70;0.00;1.67;127.80
AV01;Nava de Arevalo;2002-01-07;0330;0.00;2.28;74.20;0.00;1.85;139.70
AV01;Nava de Arevalo;2002-01-07;0400;0.00;1.19;78.60;0.00;1.90;139.20
AV01;Nava de Arevalo;2002-01-07;0430;0.00;1.08;79.20;0.00;2.13;122.90
AV01;Nava de Arevalo;2002-01-07;0500;0.00;1.12;78.40;0.00;2.02;120.00
AV01;Nava de Arevalo;2002-01-07;0530;0.00;0.49;80.50;0.00;1.83;104.30
AV01;Nava de Arevalo;2002-01-07;0600;0.00;-0.48;84.70;0.00;1.98;117.40
AV01;Nava de Arevalo;2002-01-07;0630;0.00;0.10;80.90;0.00;1.73;122.90
AV01;Nava de Arevalo;2002-01-07;0700;0.00;-0.13;81.50;0.01;1.65;118.10
AV01;Nava de Arevalo;2002-01-07;0730;0.00;-0.05;80.80;3.16;2.13;142.10
AV01;Nava de Arevalo;2002-01-07;0800;0.00;0.57;79.20;34.45;2.57;148.70
AV01;Nava de Arevalo;2002-01-07;0830;0.00;1.22;77.70;111.30;3.13;153.00
AV01;Nava de Arevalo;2002-01-07;0900;0.00;2.18;74.60;185.60;3.52;153.40
AV01;Nava de Arevalo;2002-01-07;0930;0.00;3.22;71.80;224.40;4.27;152.00
AV01;Nava de Arevalo;2002-01-07;1000;0.00;3.90;69.54;330.40;4.57;155.40
AV01;Nava de Arevalo;2002-01-07;1030;0.00;4.52;66.60;385.80;4.97;156.70
AV01;Nava de Arevalo;2002-01-07;1100;0.00;5.12;64.07;428.90;5.13;154.90
AV01;Nava de Arevalo;2002-01-07;1130;0.00;5.73;61.72;460.80;4.92;152.20
AV01;Nava de Arevalo;2002-01-07;1200;0.00;6.07;59.80;479.20;4.80;152.00
AV01;Nava de Arevalo;2002-01-07;1230;0.00;6.73;56.53;485.30;4.56;149.50
AV01;Nava de Arevalo;2002-01-07;1300;0.00;6.91;55.01;481.00;3.61;154.10
AV01;Nava de Arevalo;2002-01-07;1330;0.00;7.27;54.00;466.90;3.42;158.20
AV01;Nava de Arevalo;2002-01-07;1400;0.00;7.57;52.90;427.80;2.93;154.00
AV01;Nava de Arevalo;2002-01-07;1430;0.00;7.68;52.28;359.40;2.70;157.00
AV01;Nava de Arevalo;2002-01-07;1500;0.00;7.66;52.49;293.90;2.51;155.90
AV01;Nava de Arevalo;2002-01-07;1530;0.00;7.73;52.67;231.80;2.50;164.40
AV01;Nava de Arevalo;2002-01-07;1600;0.00;7.48;52.74;135.80;1.86;162.00
AV01;Nava de Arevalo;2002-01-07;1630;0.00;7.07;55.39;69.84;1.40;133.20
AV01;Nava de Arevalo;2002-01-07;1700;0.00;4.65;72.50;8.49;1.30;25.59
AV01;Nava de Arevalo;2002-01-07;1730;0.00;3.14;78.60;0.12;0.81;23.50
AV01;Nava de Arevalo;2002-01-07;1800;0.00;1.61;82.50;0.00;0.07;16.51
AV01;Nava de Arevalo;2002-01-07;1830;0.00;0.66;85.80;0.00;0.45;110.90
AV01;Nava de Arevalo;2002-01-07;1900;0.00;0.42;86.90;0.00;0.33;149.00
AV01;Nava de Arevalo;2002-01-07;1930;0.00;-0.49;88.20;0.00;0.40;137.90
AV01;Nava de Arevalo;2002-01-07;2000;0.00;-1.05;90.70;0.00;0.84;186.60
AV01;Nava de Arevalo;2002-01-07;2030;0.00;-1.82;92.00;0.00;0.78;187.30
AV01;Nava de Arevalo;2002-01-07;2100;0.00;-2.29;92.60;0.00;0.36;224.50
AV01;Nava de Arevalo;2002-01-07;2130;0.00;-2.19;93.70;0.00;0.26;164.30
AV01;Nava de Arevalo;2002-01-07;2200;0.00;-1.69;93.50;0.00;0.50;131.20
AV01;Nava de Arevalo;2002-01-07;2230;0.00;-0.96;89.80;0.00;0.98;115.80
AV01;Nava de Arevalo;2002-01-07;2300;0.00;-2.00;87.50;0.00;0.53;176.00
AV01;Nava de Arevalo;2002-01-07;2330;0.00;-2.30;90.70;0.00;1.07;167.20
AV01;Nava de Arevalo;2002-01-07;2400;0.00;-0.88;89.10;0.00;2.67;157.80
BU01;Miranda de Ebro;2002-01-07;0030;0.00;4.95;86.80;0.00;1.20;114.70
BU01;Miranda de Ebro;2002-01-07;0100;0.00;4.77;87.60;0.00;0.84;93.60
BU01;Miranda de Ebro;2002-01-07;0130;0.00;4.73;86.80;0.00;0.27;73.90
BU01;Miranda de Ebro;2002-01-07;0200;0.00;4.44;87.60;0.00;0.48;59.19
BU01;Miranda de Ebro;2002-01-07;0230;0.00;4.37;87.80;0.00;0.72;73.10
BU01;Miranda de Ebro;2002-01-07;0300;0.00;4.53;87.80;0.00;0.51;89.00
BU01;Miranda de Ebro;2002-01-07;0330;0.00;4.51;87.50;0.00;1.38;151.00
BU01;Miranda de Ebro;2002-01-07;0400;0.00;4.53;86.30;0.02;1.65;177.80
BU01;Miranda de Ebro;2002-01-07;0430;0.00;4.35;87.40;0.00;1.23;144.30
BU01;Miranda de Ebro;2002-01-07;0500;0.00;4.17;86.40;0.01;1.37;134.30
BU01;Miranda de Ebro;2002-01-07;0530;0.00;4.17;83.80;0.00;1.72;130.00
BU01;Miranda de Ebro;2002-01-07;0600;0.00;4.08;82.60;0.01;1.50;150.90
BU01;Miranda de Ebro;2002-01-07;0630;0.00;3.90;83.30;0.00;2.09;134.30
BU01;Miranda de Ebro;2002-01-07;0700;0.00;3.79;83.00;0.00;1.31;115.10
BU01;Miranda de Ebro;2002-01-07;0730;0.00;3.70;82.70;0.77;0.79;176.40
BU01;Miranda de Ebro;2002-01-07;0800;0.00;3.56;81.70;7.05;0.35;131.80
BU01;Miranda de Ebro;2002-01-07;0830;0.00;3.70;81.20;24.73;0.41;131.50
BU01;Miranda de Ebro;2002-01-07;0900;0.00;3.81;81.20;61.29;1.34;115.80
BU01;Miranda de Ebro;2002-01-07;0930;0.00;4.24;80.20;98.00;1.63;147.40
BU01;Miranda de Ebro;2002-01-07;1000;0.00;4.66;78.50;113.10;1.29;147.00
BU01;Miranda de Ebro;2002-01-07;1030;0.00;4.84;77.80;138.40;1.39;163.70
BU01;Miranda de Ebro;2002-01-07;1100;0.00;5.32;76.60;317.40;1.59;161.90
BU01;Miranda de Ebro;2002-01-07;1130;0.00;6.23;71.40;415.00;0.95;162.20
BU01;Miranda de Ebro;2002-01-07;1200;0.00;6.76;69.74;476.60;1.35;164.40
BU01;Miranda de Ebro;2002-01-07;1230;0.00;6.75;68.56;345.00;0.75;95.40
BU01;Miranda de Ebro;2002-01-07;1300;0.00;6.91;68.21;305.00;0.77;250.20
BU01;Miranda de Ebro;2002-01-07;1330;0.00;7.22;68.49;265.70;0.95;97.50
BU01;Miranda de Ebro;2002-01-07;1400;0.00;7.80;67.48;330.10;0.95;89.10
BU01;Miranda de Ebro;2002-01-07;1430;0.00;7.83;67.64;289.40;0.88;79.60
BU01;Miranda de Ebro;2002-01-07;1500;0.00;8.07;66.60;219.00;1.01;119.00
BU01;Miranda de Ebro;2002-01-07;1530;0.00;7.89;67.22;154.80;0.79;118.80
BU01;Miranda de Ebro;2002-01-07;1600;0.00;7.80;67.47;98.10;0.66;139.00
BU01;Miranda de Ebro;2002-01-07;1630;0.00;7.35;68.81;36.32;0.49;129.20
BU01;Miranda de Ebro;2002-01-07;1700;0.00;5.62;78.60;4.07;0.54;168.90
BU01;Miranda de Ebro;2002-01-07;1730;0.00;4.67;82.60;0.08;0.54;157.40
BU01;Miranda de Ebro;2002-01-07;1800;0.00;4.28;84.00;0.00;0.38;54.80
BU01;Miranda de Ebro;2002-01-07;1830;0.00;3.69;85.80;0.00;0.24;358.90
BU01;Miranda de Ebro;2002-01-07;1900;0.00;3.10;88.30;0.00;0.43;319.20
BU01;Miranda de Ebro;2002-01-07;1930;0.00;2.40;89.30;0.00;0.78;269.20
BU01;Miranda de Ebro;2002-01-07;2000;0.00;0.94;90.00;0.00;0.56;234.30
BU01;Miranda de Ebro;2002-01-07;2030;0.00;0.89;91.10;0.01;0.46;240.00
BU01;Miranda de Ebro;2002-01-07;2100;0.00;0.36;92.00;0.01;0.30;237.30
BU01;Miranda de Ebro;2002-01-07;2130;0.00;-0.08;91.90;0.03;0.10;198.50
BU01;Miranda de Ebro;2002-01-07;2200;0.00;-0.58;92.70;0.00;0.35;225.60
BU01;Miranda de Ebro;2002-01-07;2230;0.00;-0.22;93.20;0.00;0.37;23.87
BU01;Miranda de Ebro;2002-01-07;2300;0.00;-0.96;93.60;0.00;0.17;57.21
BU01;Miranda de Ebro;2002-01-07;2330;0.00;-1.09;94.20;0.03;0.63;211.20
BU01;Miranda de Ebro;2002-01-07;2400;0.00;-0.55;94.80;0.02;0.66;206.70
BU02;Valle de Valdelucio;2002-01-07;0030;0.00;0.03;81.40;0.00;1.21;7.13
BU02;Valle de Valdelucio;2002-01-07;0100;0.00;0.29;79.70;0.00;0.94;338.10
BU02;Valle de Valdelucio;2002-01-07;0130;0.00;-0.70;84.70;0.00;0.90;290.10
BU02;Valle de Valdelucio;2002-01-07;0200;0.00;-1.35;86.70;0.00;0.43;323.70
BU02;Valle de Valdelucio;2002-01-07;0230;0.00;-0.52;83.70;0.00;1.00;298.00
BU02;Valle de Valdelucio;2002-01-07;0300;0.00;-2.07;86.30;0.00;0.38;97.20
BU02;Valle de Valdelucio;2002-01-07;0330;0.00;-2.57;92.60;0.00;0.65;87.50
BU02;Valle de Valdelucio;2002-01-07;0400;0.00;-2.32;92.90;0.00;0.43;114.50
BU02;Valle de Valdelucio;2002-01-07;0430;0.00;-2.32;92.60;0.00;0.47;94.00
BU02;Valle de Valdelucio;2002-01-07;0500;0.00;-2.21;92.40;0.00;0.41;341.30
BU02;Valle de Valdelucio;2002-01-07;0530;0.00;-2.21;92.10;0.00;0.19;45.27
BU02;Valle de Valdelucio;2002-01-07;0600;0.00;-2.50;90.80;0.00;0.59;14.39
BU02;Valle de Valdelucio;2002-01-07;0630;0.00;-2.14;89.00;0.00;0.50;29.72
BU02;Valle de Valdelucio;2002-01-07;0700;0.00;-2.35;88.60;0.00;0.87;290.80
BU02;Valle de Valdelucio;2002-01-07;0730;0.00;-3.63;91.10;1.50;0.10;332.40
BU02;Valle de Valdelucio;2002-01-07;0800;0.00;-3.34;92.20;24.13;0.01;335.90
BU02;Valle de Valdelucio;2002-01-07;0830;0.00;-3.08;91.70;70.60;0.03;84.90
BU02;Valle de Valdelucio;2002-01-07;0900;0.00;-1.39;89.30;191.80;0.58;121.30
BU02;Valle de Valdelucio;2002-01-07;0930;0.00;-1.16;87.20;292.20;0.67;119.50
BU02;Valle de Valdelucio;2002-01-07;1000;0.00;0.12;85.90;283.10;0.50;175.30
BU02;Valle de Valdelucio;2002-01-07;1030;0.20;1.18;87.80;332.00;1.12;229.30
BU02;Valle de Valdelucio;2002-01-07;1100;0.00;2.36;83.70;332.70;1.64;242.90
BU02;Valle de Valdelucio;2002-01-07;1130;0.00;2.65;78.00;311.20;2.65;270.00
BU02;Valle de Valdelucio;2002-01-07;1200;0.00;3.26;73.30;330.30;2.97;257.40
BU02;Valle de Valdelucio;2002-01-07;1230;0.00;3.89;69.84;317.70;3.02;262.90
BU02;Valle de Valdelucio;2002-01-07;1300;0.00;4.08;69.94;357.00;2.35;246.00
BU02;Valle de Valdelucio;2002-01-07;1330;0.00;5.27;64.77;410.60;2.38;226.10
BU02;Valle de Valdelucio;2002-01-07;1400;0.00;5.17;66.18;272.60;1.68;233.70
BU02;Valle de Valdelucio;2002-01-07;1430;0.00;5.49;65.36;311.10;1.62;247.70
BU02;Valle de Valdelucio;2002-01-07;1500;0.00;6.27;62.99;254.50;1.43;221.80
BU02;Valle de Valdelucio;2002-01-07;1530;0.00;6.59;61.49;186.50;0.86;153.20
BU02;Valle de Valdelucio;2002-01-07;1600;0.00;6.31;62.59;121.90;0.73;178.70
BU02;Valle de Valdelucio;2002-01-07;1630;0.00;6.09;65.04;41.54;0.31;124.90
BU02;Valle de Valdelucio;2002-01-07;1700;0.00;3.52;71.50;3.78;1.31;12.20
BU02;Valle de Valdelucio;2002-01-07;1730;0.00;2.87;73.50;0.00;1.51;22.52
BU02;Valle de Valdelucio;2002-01-07;1800;0.00;1.91;77.60;0.00;0.93;343.10
BU02;Valle de Valdelucio;2002-01-07;1830;0.00;1.58;78.50;0.00;0.66;325.10
BU02;Valle de Valdelucio;2002-01-07;1900;0.00;0.99;80.50;0.00;1.29;349.60
BU02;Valle de Valdelucio;2002-01-07;1930;0.00;0.71;81.50;0.00;0.46;308.70
BU02;Valle de Valdelucio;2002-01-07;2000;0.00;0.58;82.60;0.00;0.51;313.20
BU02;Valle de Valdelucio;2002-01-07;2030;0.00;-0.50;86.20;0.00;0.81;315.50
BU02;Valle de Valdelucio;2002-01-07;2100;0.00;-0.38;88.10;0.00;0.79;13.77
BU02;Valle de Valdelucio;2002-01-07;2130;0.00;-0.31;89.60;0.00;0.85;35.46
BU02;Valle de Valdelucio;2002-01-07;2200;0.00;-0.95;89.50;0.00;0.84;296.00
BU02;Valle de Valdelucio;2002-01-07;2230;0.00;-1.64;91.00;0.00;1.04;273.50
BU02;Valle de Valdelucio;2002-01-07;2300;0.00;-2.45;92.70;0.00;0.82;285.00
BU02;Valle de Valdelucio;2002-01-07;2330;0.00;-2.97;93.70;0.00;0.25;276.10
BU02;Valle de Valdelucio;2002-01-07;2400;0.00;-3.42;94.00;0.00;0.62;317.60
BU03;Lerma;2002-01-07;0030;0.00;-1.62;91.70;0.00;0.60;96.90
BU03;Lerma;2002-01-07;0100;0.00;-1.73;90.30;0.00;0.64;109.60
BU03;Lerma;2002-01-07;0130;0.00;-2.29;91.00;0.00;0.27;340.80
BU03;Lerma;2002-01-07;0200;0.00;-2.62;92.30;0.00;0.44;358.00
BU03;Lerma;2002-01-07;0230;0.00;-3.07;92.20;0.00;0.05;53.36
BU03;Lerma;2002-01-07;0300;0.00;-3.59;93.20;0.00;0.32;344.20
BU03;Lerma;2002-01-07;0330;0.00;-3.24;93.40;0.00;0.15;14.09
BU03;Lerma;2002-01-07;0400;0.00;-3.75;93.50;0.00;0.26;349.70
BU03;Lerma;2002-01-07;0430;0.00;-3.81;93.30;0.00;0.06;358.00
BU03;Lerma;2002-01-07;0500;0.00;-4.55;93.20;0.00;0.00;353.10
BU03;Lerma;2002-01-07;0530;0.00;-5.06;93.90;0.00;0.00;0.00
BU03;Lerma;2002-01-07;0600;0.00;-4.68;93.90;0.00;0.14;348.50
BU03;Lerma;2002-01-07;0630;0.00;-5.06;93.30;0.00;0.09;318.60
BU03;Lerma;2002-01-07;0700;0.00;-5.06;93.70;0.00;0.25;315.90
BU03;Lerma;2002-01-07;0730;0.00;-5.26;93.50;1.61;0.18;295.00
BU03;Lerma;2002-01-07;0800;0.00;-5.21;93.60;20.42;0.10;315.80
BU03;Lerma;2002-01-07;0830;0.00;-3.67;93.70;78.70;0.00;0.00
BU03;Lerma;2002-01-07;0900;0.00;-2.49;91.70;224.90;0.61;272.60
BU03;Lerma;2002-01-07;0930;0.00;-0.63;90.10;337.70;0.59;266.90
BU03;Lerma;2002-01-07;1000;0.00;0.65;86.50;224.20;0.76;268.00
BU03;Lerma;2002-01-07;1030;0.00;0.58;86.40;213.60;1.04;259.40
BU03;Lerma;2002-01-07;1100;0.00;2.21;81.90;416.50;0.71;260.90
BU03;Lerma;2002-01-07;1130;0.00;4.15;73.10;437.80;0.90;275.00
BU03;Lerma;2002-01-07;1200;0.00;4.70;68.06;432.50;1.07;282.00
BU03;Lerma;2002-01-07;1230;0.00;5.41;70.50;347.40;1.32;271.90
BU03;Lerma;2002-01-07;1300;0.00;5.76;67.31;302.20;1.38;261.70
BU03;Lerma;2002-01-07;1330;0.00;6.00;68.70;410.20;1.44;284.10
BU03;Lerma;2002-01-07;1400;0.00;6.35;63.89;250.40;1.14;287.10
BU03;Lerma;2002-01-07;1430;0.00;5.51;67.13;167.80;1.28;295.20
BU03;Lerma;2002-01-07;1500;0.00;5.85;63.37;209.70;1.00;269.70
BU03;Lerma;2002-01-07;1530;0.00;5.75;63.38;125.10;1.22;310.40
BU03;Lerma;2002-01-07;1600;0.00;5.22;67.77;115.90;1.65;320.60
BU03;Lerma;2002-01-07;1630;0.00;3.95;72.70;40.06;1.06;330.70
BU03;Lerma;2002-01-07;1700;0.00;2.51;76.40;7.09;0.25;352.50
BU03;Lerma;2002-01-07;1730;0.00;0.78;84.00;0.13;0.13;51.06
BU03;Lerma;2002-01-07;1800;0.00;-0.00;88.50;0.01;0.35;1.27
BU03;Lerma;2002-01-07;1830;0.00;-0.11;86.60;0.01;0.18;40.51
BU03;Lerma;2002-01-07;1900;0.00;-1.23;90.20;0.00;0.08;41.03
BU03;Lerma;2002-01-07;1930;0.00;-1.42;92.00;0.00;0.20;10.65
BU03;Lerma;2002-01-07;2000;0.00;-1.35;92.60;0.00;0.17;64.21
BU03;Lerma;2002-01-07;2030;0.00;-1.69;92.60;0.00;0.28;76.40
BU03;Lerma;2002-01-07;2100;0.00;-2.42;93.20;0.00;0.05;35.34
BU03;Lerma;2002-01-07;2130;0.00;-2.38;93.40;0.00;0.20;40.33
BU03;Lerma;2002-01-07;2200;0.00;-2.61;93.90;0.00;0.16;26.98
BU03;Lerma;2002-01-07;2230;0.00;-3.68;93.60;0.00;0.17;3.78
BU03;Lerma;2002-01-07;2300;0.00;-3.44;93.90;0.00;0.06;336.20
BU03;Lerma;2002-01-07;2330;0.00;-4.22;94.00;0.00;0.18;332.50
BU03;Lerma;2002-01-07;2400;0.00;-4.23;94.00;0.00;0.01;357.10
BU04;Tardajos;2002-01-07;0030;0.00;-2.19;97.60;0.00;1.28;83.80
BU04;Tardajos;2002-01-07;0100;0.00;-2.50;97.40;0.00;0.62;78.20
BU04;Tardajos;2002-01-07;0130;0.00;-2.66;97.30;0.00;0.30;104.80
BU04;Tardajos;2002-01-07;0200;0.00;-2.88;97.00;0.00;0.04;109.90
BU04;Tardajos;2002-01-07;0230;0.00;-2.83;96.90;0.00;0.27;87.60
BU04;Tardajos;2002-01-07;0300;0.00;-2.99;96.80;0.00;0.15;337.80
BU04;Tardajos;2002-01-07;0330;0.00;-3.21;96.70;0.00;0.74;97.60
BU04;Tardajos;2002-01-07;0400;0.00;-2.88;96.80;0.00;1.64;82.50
BU04;Tardajos;2002-01-07;0430;0.00;-2.94;96.70;0.00;1.10;103.00
BU04;Tardajos;2002-01-07;0500;0.00;-2.77;96.80;0.00;0.96;77.10
BU04;Tardajos;2002-01-07;0530;0.00;-2.63;96.80;0.00;2.14;69.98
BU04;Tardajos;2002-01-07;0600;0.00;-2.84;96.70;0.00;1.57;64.55
BU04;Tardajos;2002-01-07;0630;0.00;-3.10;96.60;0.00;1.99;68.84
BU04;Tardajos;2002-01-07;0700;0.00;-2.89;96.80;0.00;1.73;64.48
BU04;Tardajos;2002-01-07;0730;0.00;-2.03;97.10;1.11;1.30;90.10
BU04;Tardajos;2002-01-07;0800;0.00;-1.90;97.20;13.46;1.12;89.80
BU04;Tardajos;2002-01-07;0830;0.00;-1.92;97.20;31.86;1.21;81.40
BU04;Tardajos;2002-01-07;0900;0.00;-1.81;97.20;27.79;0.85;79.20
BU04;Tardajos;2002-01-07;0930;0.00;-1.78;97.30;54.27;0.42;38.19
BU04;Tardajos;2002-01-07;1000;0.00;-1.65;97.30;116.60;0.46;227.30
BU04;Tardajos;2002-01-07;1030;0.00;-1.67;97.30;163.60;0.44;265.40
BU04;Tardajos;2002-01-07;1100;0.00;-1.47;97.40;122.00;0.26;232.40
BU04;Tardajos;2002-01-07;1130;0.00;-1.07;97.40;183.30;0.19;211.50
BU04;Tardajos;2002-01-07;1200;0.20;-0.60;97.40;276.90;0.21;163.60
BU04;Tardajos;2002-01-07;1230;0.00;0.31;97.30;317.30;0.55;99.90
BU04;Tardajos;2002-01-07;1300;0.00;1.52;97.20;387.60;0.62;104.40
BU04;Tardajos;2002-01-07;1330;0.00;3.08;96.90;427.60;0.55;235.50
BU04;Tardajos;2002-01-07;1400;0.00;3.54;95.90;392.50;0.90;239.10
BU04;Tardajos;2002-01-07;1430;0.00;4.21;87.30;214.70;0.88;243.70
BU04;Tardajos;2002-01-07;1500;0.00;4.07;82.70;87.80;0.56;241.10
BU04;Tardajos;2002-01-07;1530;0.00;4.45;80.70;144.10;0.41;199.30
BU04;Tardajos;2002-01-07;1600;0.20;4.52;79.00;88.00;0.35;199.00
BU04;Tardajos;2002-01-07;1630;0.00;3.69;83.70;25.16;0.05;198.50
BU04;Tardajos;2002-01-07;1700;0.00;2.24;89.20;4.53;0.05;156.00
BU04;Tardajos;2002-01-07;1730;0.00;0.97;93.40;0.03;0.26;97.40
BU04;Tardajos;2002-01-07;1800;0.00;0.21;94.90;0.00;0.17;175.70
BU04;Tardajos;2002-01-07;1830;0.00;-0.18;95.80;0.00;0.18;85.20
BU04;Tardajos;2002-01-07;1900;0.00;-0.38;96.30;0.00;0.25;117.90
BU04;Tardajos;2002-01-07;1930;0.00;-0.74;96.60;0.00;0.09;66.77
BU04;Tardajos;2002-01-07;2000;0.00;-1.21;96.80;0.00;0.30;103.00
BU04;Tardajos;2002-01-07;2030;0.00;-1.30;97.00;0.00;0.19;90.70
BU04;Tardajos;2002-01-07;2100;0.00;-1.81;97.10;0.00;0.04;115.60
BU04;Tardajos;2002-01-07;2130;0.00;-1.97;97.20;0.00;0.07;349.30
BU04;Tardajos;2002-01-07;2200;0.00;-1.99;97.30;0.00;0.64;87.60
BU04;Tardajos;2002-01-07;2230;0.00;-2.88;97.20;0.00;0.19;196.10
BU04;Tardajos;2002-01-07;2300;0.00;-2.50;97.10;0.00;0.40;210.00
BU04;Tardajos;2002-01-07;2330;0.00;-3.32;96.90;0.00;0.08;130.70
BU04;Tardajos;2002-01-07;2400;0.00;-3.46;96.70;0.00;0.30;186.40
BU05;Vadocondes;2002-01-07;0030;0.00;-0.98;92.60;0.00;0.64;123.00
BU05;Vadocondes;2002-01-07;0100;0.00;-1.39;92.50;0.00;0.67;141.10
BU05;Vadocondes;2002-01-07;0130;0.00;-2.42;92.80;0.00;0.79;150.90
BU05;Vadocondes;2002-01-07;0200;0.00;-2.57;93.70;0.00;0.70;117.20
BU05;Vadocondes;2002-01-07;0230;0.00;-2.10;93.50;0.00;0.50;159.00
BU05;Vadocondes;2002-01-07;0300;0.00;-2.41;93.80;0.00;0.80;102.40
BU05;Vadocondes;2002-01-07;0330;0.00;-1.60;94.10;0.00;1.21;106.20
BU05;Vadocondes;2002-01-07;0400;0.00;-1.71;93.40;0.00;1.04;119.10
BU05;Vadocondes;2002-01-07;0430;0.00;-1.86;93.30;0.00;0.47;154.00
BU05;Vadocondes;2002-01-07;0500;0.00;-3.10;93.60;0.00;0.57;134.60
BU05;Vadocondes;2002-01-07;0530;0.00;-3.99;94.10;0.00;0.60;149.10
BU05;Vadocondes;2002-01-07;0600;0.00;-4.32;94.30;0.00;0.36;147.30
BU05;Vadocondes;2002-01-07;0630;0.00;-4.28;94.20;0.00;0.42;154.40
BU05;Vadocondes;2002-01-07;0700;0.00;-4.43;94.50;0.00;0.59;150.90
BU05;Vadocondes;2002-01-07;0730;0.00;-4.79;94.00;0.44;0.36;167.70
BU05;Vadocondes;2002-01-07;0800;0.00;-4.99;94.10;8.03;0.32;153.30
BU05;Vadocondes;2002-01-07;0830;0.00;-4.35;94.40;59.94;0.04;113.60
BU05;Vadocondes;2002-01-07;0900;0.00;-2.04;91.20;144.00;0.79;112.70
BU05;Vadocondes;2002-01-07;0930;0.00;-1.01;89.20;247.60;1.02;108.70
BU05;Vadocondes;2002-01-07;1000;0.00;0.06;87.20;310.10;1.39;97.60
BU05;Vadocondes;2002-01-07;1030;0.00;0.83;84.80;356.30;1.87;91.90
BU05;Vadocondes;2002-01-07;1100;0.20;1.77;82.70;429.20;1.78;94.30
BU05;Vadocondes;2002-01-07;1130;0.00;2.83;77.30;499.10;1.44;92.30
BU05;Vadocondes;2002-01-07;1200;0.00;3.94;71.50;406.50;1.33;87.90
BU05;Vadocondes;2002-01-07;1230;0.00;4.92;67.53;458.90;1.14;81.40
BU05;Vadocondes;2002-01-07;1300;0.00;5.93;62.07;382.70;0.74;120.60
BU05;Vadocondes;2002-01-07;1330;0.00;6.33;55.68;346.30;0.62;282.10
BU05;Vadocondes;2002-01-07;1400;0.00;6.95;58.43;427.70;0.68;11.31
BU05;Vadocondes;2002-01-07;1430;0.00;7.48;58.27;375.70;0.91;304.50
BU05;Vadocondes;2002-01-07;1500;0.00;7.09;59.37;284.00;1.70;284.10
BU05;Vadocondes;2002-01-07;1530;0.00;6.74;60.51;204.10;1.73;277.40
BU05;Vadocondes;2002-01-07;1600;0.00;6.65;62.46;142.80;1.63;282.60
BU05;Vadocondes;2002-01-07;1630;0.00;5.88;68.10;75.20;1.22;281.20
BU05;Vadocondes;2002-01-07;1700;0.00;4.49;75.90;14.79;0.88;260.80
BU05;Vadocondes;2002-01-07;1730;0.00;2.75;80.40;1.16;0.54;210.20
BU05;Vadocondes;2002-01-07;1800;0.00;1.37;84.00;0.00;0.56;130.70
BU05;Vadocondes;2002-01-07;1830;0.00;0.28;86.20;0.00;0.57;123.00
BU05;Vadocondes;2002-01-07;1900;0.00;-0.32;89.90;0.00;0.44;113.60
BU05;Vadocondes;2002-01-07;1930;0.00;-0.58;90.40;0.00;0.42;107.90
BU05;Vadocondes;2002-01-07;2000;0.00;-1.17;91.80;0.00;0.55;96.80
BU05;Vadocondes;2002-01-07;2030;0.00;-1.48;92.90;0.00;0.55;92.30
BU05;Vadocondes;2002-01-07;2100;0.00;-1.57;93.10;0.01;0.62;143.90
BU05;Vadocondes;2002-01-07;2130;0.00;-1.66;93.10;0.00;0.68;103.30
BU05;Vadocondes;2002-01-07;2200;0.00;-1.86;93.10;0.00;0.49;98.60
BU05;Vadocondes;2002-01-07;2230;0.00;-2.40;93.70;0.00;0.45;149.80
BU05;Vadocondes;2002-01-07;2300;0.00;-2.93;94.50;0.00;0.38;138.70
BU05;Vadocondes;2002-01-07;2330;0.00;-3.24;94.90;0.00;0.30;119.90
BU05;Vadocondes;2002-01-07;2400;0.00;-3.58;94.80;0.00;0.05;152.10
LE01;Carracedelo;2002-01-07;0030;0.00;0.30;92.80;0.00;0.23;191.30
LE01;Carracedelo;2002-01-07;0100;0.00;-0.72;95.40;0.00;0.14;40.11
LE01;Carracedelo;2002-01-07;0130;0.00;-1.24;96.40;0.00;0.28;107.20
LE01;Carracedelo;2002-01-07;0200;0.00;-1.11;97.00;0.00;0.30;105.80
LE01;Carracedelo;2002-01-07;0230;0.00;-1.44;97.20;0.00;0.10;31.36
LE01;Carracedelo;2002-01-07;0300;0.00;-1.81;97.30;0.00;0.17;134.80
LE01;Carracedelo;2002-01-07;0330;0.00;-2.19;97.40;0.00;0.28;61.88
LE01;Carracedelo;2002-01-07;0400;0.00;-2.30;97.40;0.00;0.22;136.80
LE01;Carracedelo;2002-01-07;0430;0.00;-2.37;97.40;0.00;0.17;0.09
LE01;Carracedelo;2002-01-07;0500;0.00;-2.61;97.30;0.00;0.24;88.40
LE01;Carracedelo;2002-01-07;0530;0.00;-3.01;97.20;0.00;0.32;68.16
LE01;Carracedelo;2002-01-07;0600;0.00;-3.14;97.20;0.00;0.19;89.80
LE01;Carracedelo;2002-01-07;0630;0.00;-2.93;97.40;0.00;0.28;338.40
LE01;Carracedelo;2002-01-07;0700;0.00;-3.14;97.20;0.00;0.36;94.30
LE01;Carracedelo;2002-01-07;0730;0.00;-3.51;97.40;1.01;0.15;141.90
LE01;Carracedelo;2002-01-07;0800;0.00;-3.55;97.20;9.10;0.28;6.73
LE01;Carracedelo;2002-01-07;0830;0.00;-3.11;97.50;33.22;0.09;292.10
LE01;Carracedelo;2002-01-07;0900;0.00;-2.44;97.80;82.30;0.06;311.90
LE01;Carracedelo;2002-01-07;0930;0.00;-1.16;98.10;184.10;0.37;132.30
LE01;Carracedelo;2002-01-07;1000;0.00;0.66;96.80;248.30;0.11;107.60
LE01;Carracedelo;2002-01-07;1030;0.20;2.20;90.50;302.80;0.31;141.60
LE01;Carracedelo;2002-01-07;1100;0.00;3.63;83.50;352.60;0.39;275.50
LE01;Carracedelo;2002-01-07;1130;0.00;5.00;76.10;376.00;0.47;247.50
LE01;Carracedelo;2002-01-07;1200;0.00;6.45;69.56;395.40;0.64;229.90
LE01;Carracedelo;2002-01-07;1230;0.00;7.60;60.80;400.80;0.64;192.70
LE01;Carracedelo;2002-01-07;1300;0.00;8.44;56.44;402.20;0.92;178.80
LE01;Carracedelo;2002-01-07;1330;0.00;9.03;55.36;387.40;1.04;145.90
LE01;Carracedelo;2002-01-07;1400;0.00;9.61;51.13;397.90;1.03;201.00
LE01;Carracedelo;2002-01-07;1430;0.00;10.14;49.77;258.20;0.78;177.00
LE01;Carracedelo;2002-01-07;1500;0.00;10.42;50.36;229.70;0.40;89.90
LE01;Carracedelo;2002-01-07;1530;0.00;10.61;48.50;162.60;0.43;155.60
LE01;Carracedelo;2002-01-07;1600;0.00;10.52;47.56;119.70;0.42;116.30
LE01;Carracedelo;2002-01-07;1630;0.00;9.76;50.86;40.59;0.39;79.20
LE01;Carracedelo;2002-01-07;1700;0.00;7.58;62.52;2.54;0.33;117.40
LE01;Carracedelo;2002-01-07;1730;0.00;4.93;74.30;0.00;0.20;56.32
LE01;Carracedelo;2002-01-07;1800;0.00;5.06;70.20;0.00;0.57;15.31
LE01;Carracedelo;2002-01-07;1830;0.00;3.25;79.80;0.00;0.10;34.78
LE01;Carracedelo;2002-01-07;1900;0.00;2.26;84.60;0.00;0.24;13.17
LE01;Carracedelo;2002-01-07;1930;0.00;1.63;87.80;0.00;0.47;5.10
LE01;Carracedelo;2002-01-07;2000;0.00;0.39;89.70;0.00;0.35;51.64
LE01;Carracedelo;2002-01-07;2030;0.00;-0.47;93.80;0.00;0.15;69.20
LE01;Carracedelo;2002-01-07;2100;0.00;-0.95;94.70;0.00;0.10;56.35
LE01;Carracedelo;2002-01-07;2130;0.00;-1.12;96.00;0.00;0.16;321.90
LE01;Carracedelo;2002-01-07;2200;0.00;-0.93;95.40;0.00;0.17;17.25
LE01;Carracedelo;2002-01-07;2230;0.00;-1.75;95.70;0.00;0.02;49.50
LE01;Carracedelo;2002-01-07;2300;0.00;-2.17;96.40;0.00;0.07;26.50
LE01;Carracedelo;2002-01-07;2330;0.00;-2.26;96.80;0.00;0.04;8.95
LE01;Carracedelo;2002-01-07;2400;0.00;-2.34;96.80;0.00;0.63;62.31
LE02;Mansilla mayor;2002-01-07;0030;0.00;0.81;94.60;0.00;0.40;14.89
LE02;Mansilla mayor;2002-01-07;0100;0.00;0.65;94.40;0.00;0.65;30.33
LE02;Mansilla mayor;2002-01-07;0130;0.00;0.65;94.70;0.00;0.77;58.22
LE02;Mansilla mayor;2002-01-07;0200;0.00;0.31;94.50;0.00;0.57;51.52
LE02;Mansilla mayor;2002-01-07;0230;0.00;-0.39;94.60;0.00;0.70;35.44
LE02;Mansilla mayor;2002-01-07;0300;0.00;-1.06;95.40;0.00;0.64;25.49
LE02;Mansilla mayor;2002-01-07;0330;0.00;-1.16;95.80;0.00;0.79;37.18
LE02;Mansilla mayor;2002-01-07;0400;0.00;-1.20;95.80;0.00;1.01;38.00
LE02;Mansilla mayor;2002-01-07;0430;0.00;-1.61;95.70;0.00;0.78;48.60
LE02;Mansilla mayor;2002-01-07;0500;0.00;-2.01;95.80;0.00;0.20;72.30
LE02;Mansilla mayor;2002-01-07;0530;0.00;-2.23;96.20;0.00;0.19;318.60
LE02;Mansilla mayor;2002-01-07;0600;0.00;-2.45;96.70;0.00;0.48;40.63
LE02;Mansilla mayor;2002-01-07;0630;0.00;-2.85;96.70;0.00;0.28;45.53
LE02;Mansilla mayor;2002-01-07;0700;0.00;-3.03;96.70;0.00;0.56;59.96
LE02;Mansilla mayor;2002-01-07;0730;0.00;-3.05;96.70;1.58;0.53;41.06
LE02;Mansilla mayor;2002-01-07;0800;0.00;-3.13;96.80;23.72;0.12;72.80
LE02;Mansilla mayor;2002-01-07;0830;0.00;-1.82;96.70;95.60;0.00;0.00
LE02;Mansilla mayor;2002-01-07;0900;0.00;-0.59;94.20;180.30;0.41;84.40
LE02;Mansilla mayor;2002-01-07;0930;0.00;0.72;87.50;248.20;0.49;133.00
LE02;Mansilla mayor;2002-01-07;1000;0.00;1.52;82.60;212.40;0.45;200.30
LE02;Mansilla mayor;2002-01-07;1030;0.00;2.09;85.20;347.00;0.43;234.40
LE02;Mansilla mayor;2002-01-07;1100;0.20;3.01;81.20;319.50;0.75;236.70
LE02;Mansilla mayor;2002-01-07;1130;0.00;3.68;79.00;440.10;0.70;249.10
LE02;Mansilla mayor;2002-01-07;1200;0.00;4.98;72.60;389.50;0.62;285.30
LE02;Mansilla mayor;2002-01-07;1230;0.00;5.25;71.20;278.60;0.58;195.20
LE02;Mansilla mayor;2002-01-07;1300;0.00;5.71;68.09;327.90;0.92;205.10
LE02;Mansilla mayor;2002-01-07;1330;0.00;6.20;68.45;271.50;1.68;231.70
LE02;Mansilla mayor;2002-01-07;1400;0.00;6.31;68.40;235.10;1.58;227.00
LE02;Mansilla mayor;2002-01-07;1430;0.00;6.27;69.16;123.00;1.29;230.80
LE02;Mansilla mayor;2002-01-07;1500;0.00;6.10;68.42;124.60;1.09;202.80
LE02;Mansilla mayor;2002-01-07;1530;0.00;6.60;66.75;133.00;1.07;217.70
LE02;Mansilla mayor;2002-01-07;1600;0.00;6.58;66.96;112.00;0.85;224.20
LE02;Mansilla mayor;2002-01-07;1630;0.00;5.86;71.40;32.70;0.72;220.20
LE02;Mansilla mayor;2002-01-07;1700;0.00;3.11;81.10;3.70;0.30;198.00
LE02;Mansilla mayor;2002-01-07;1730;0.00;1.72;85.40;0.00;0.00;0.00
LE02;Mansilla mayor;2002-01-07;1800;0.00;0.88;90.30;0.00;0.81;45.61
LE02;Mansilla mayor;2002-01-07;1830;0.00;-0.25;93.00;0.00;0.79;61.90
LE02;Mansilla mayor;2002-01-07;1900;0.00;-0.78;94.50;0.00;0.69;32.48
LE02;Mansilla mayor;2002-01-07;1930;0.00;-1.61;95.60;0.00;0.72;2.94
LE02;Mansilla mayor;2002-01-07;2000;0.00;-1.80;96.20;0.00;0.63;340.00
LE02;Mansilla mayor;2002-01-07;2030;0.00;-1.93;96.70;0.00;0.28;342.60
LE02;Mansilla mayor;2002-01-07;2100;0.00;-2.42;96.80;0.00;0.46;359.60
LE02;Mansilla mayor;2002-01-07;2130;0.00;-2.42;97.10;0.00;0.61;2.26
LE02;Mansilla mayor;2002-01-07;2200;0.00;-2.69;97.50;0.00;0.23;299.80
LE02;Mansilla mayor;2002-01-07;2230;0.00;-2.65;97.80;0.00;0.41;20.23
LE02;Mansilla mayor;2002-01-07;2300;0.00;-3.18;97.80;0.00;0.37;352.00
LE02;Mansilla mayor;2002-01-07;2330;0.00;-3.27;97.90;0.00;0.36;3.30
LE02;Mansilla mayor;2002-01-07;2400;0.00;-3.69;98.00;0.00;0.15;334.00
LE03;Cubillas de los Oteros;2002-01-07;0030;0.00;1.68;92.00;0.00;1.08;38.96
LE03;Cubillas de los Oteros;2002-01-07;0100;0.00;1.46;92.40;0.00;1.35;49.14
LE03;Cubillas de los Oteros;2002-01-07;0130;0.00;1.11;93.20;0.00;1.06;37.13
LE03;Cubillas de los Oteros;2002-01-07;0200;0.00;1.28;92.60;0.00;1.02;45.25
LE03;Cubillas de los Oteros;2002-01-07;0230;0.00;0.75;91.90;0.00;0.68;17.59
LE03;Cubillas de los Oteros;2002-01-07;0300;0.00;-0.18;93.00;0.00;0.70;37.25
LE03;Cubillas de los Oteros;2002-01-07;0330;0.00;-0.29;93.60;0.00;1.02;46.01
LE03;Cubillas de los Oteros;2002-01-07;0400;0.00;-0.25;93.70;0.00;0.84;12.91
LE03;Cubillas de los Oteros;2002-01-07;0430;0.00;-1.09;93.20;0.00;0.46;335.20
LE03;Cubillas de los Oteros;2002-01-07;0500;0.00;-1.39;94.30;0.00;0.56;8.78
LE03;Cubillas de los Oteros;2002-01-07;0530;0.00;-1.17;94.60;0.00;1.17;33.02
LE03;Cubillas de los Oteros;2002-01-07;0600;0.00;-0.84;93.80;0.00;0.83;31.77
LE03;Cubillas de los Oteros;2002-01-07;0630;0.00;-1.24;93.60;0.00;0.45;45.04
LE03;Cubillas de los Oteros;2002-01-07;0700;0.00;-1.81;94.40;0.00;0.69;59.44
LE03;Cubillas de los Oteros;2002-01-07;0730;0.00;-2.01;94.50;1.89;0.99;46.08
LE03;Cubillas de los Oteros;2002-01-07;0800;0.00;-2.25;94.20;24.61;1.60;21.81
LE03;Cubillas de los Oteros;2002-01-07;0830;0.00;-1.43;92.50;99.50;1.62;24.32
LE03;Cubillas de los Oteros;2002-01-07;0900;0.00;-0.32;91.10;161.90;1.18;37.64
LE03;Cubillas de los Oteros;2002-01-07;0930;0.00;0.58;87.90;213.60;0.90;19.87
LE03;Cubillas de los Oteros;2002-01-07;1000;0.00;1.30;85.00;276.10;0.53;357.40
LE03;Cubillas de los Oteros;2002-01-07;1030;0.20;1.96;82.70;266.10;0.47;339.40
LE03;Cubillas de los Oteros;2002-01-07;1100;0.00;3.16;79.80;416.60;0.57;356.90
LE03;Cubillas de los Oteros;2002-01-07;1130;0.00;4.13;74.80;342.40;0.59;339.00
LE03;Cubillas de los Oteros;2002-01-07;1200;0.00;5.02;71.50;495.20;0.80;5.68
LE03;Cubillas de los Oteros;2002-01-07;1230;0.00;5.64;67.15;410.80;1.06;343.90
LE03;Cubillas de los Oteros;2002-01-07;1300;0.00;6.06;63.64;276.40;0.68;353.50
LE03;Cubillas de los Oteros;2002-01-07;1330;0.00;6.31;64.03;299.40;0.85;262.20
LE03;Cubillas de los Oteros;2002-01-07;1400;0.00;6.44;62.70;266.60;1.29;227.70
LE03;Cubillas de los Oteros;2002-01-07;1430;0.00;6.86;62.40;228.80;1.25;229.30
LE03;Cubillas de los Oteros;2002-01-07;1500;0.00;6.88;62.02;160.10;0.97;239.10
LE03;Cubillas de los Oteros;2002-01-07;1530;0.00;6.59;62.88;117.00;0.83;230.10
LE03;Cubillas de los Oteros;2002-01-07;1600;0.00;6.63;63.50;83.90;0.81;208.50
LE03;Cubillas de los Oteros;2002-01-07;1630;0.00;5.08;71.00;27.69;0.75;182.30
LE03;Cubillas de los Oteros;2002-01-07;1700;0.00;3.54;78.80;3.58;0.72;171.50
LE03;Cubillas de los Oteros;2002-01-07;1730;0.00;2.17;81.20;0.00;0.67;154.90
LE03;Cubillas de los Oteros;2002-01-07;1800;0.00;1.32;86.80;0.00;0.24;138.30
LE03;Cubillas de los Oteros;2002-01-07;1830;0.00;0.55;89.50;0.00;0.13;143.30
LE03;Cubillas de los Oteros;2002-01-07;1900;0.00;0.40;89.90;0.00;0.45;149.50
LE03;Cubillas de los Oteros;2002-01-07;1930;0.00;-0.29;90.50;0.00;0.42;229.70
LE03;Cubillas de los Oteros;2002-01-07;2000;0.00;-0.73;92.10;0.00;0.16;12.83
LE03;Cubillas de los Oteros;2002-01-07;2030;0.00;-1.37;93.80;0.00;0.58;43.98
LE03;Cubillas de los Oteros;2002-01-07;2100;0.00;-1.57;94.70;0.00;0.60;36.65
LE03;Cubillas de los Oteros;2002-01-07;2130;0.00;-2.27;94.90;0.00;0.94;20.14
LE03;Cubillas de los Oteros;2002-01-07;2200;0.00;-2.49;95.10;0.00;0.72;22.56
LE03;Cubillas de los Oteros;2002-01-07;2230;0.00;-2.69;95.20;0.00;0.76;32.61
LE03;Cubillas de los Oteros;2002-01-07;2300;0.00;-3.07;95.40;0.00;0.94;19.39
LE03;Cubillas de los Oteros;2002-01-07;2330;0.00;-3.13;95.60;0.00;0.89;14.78
LE03;Cubillas de los Oteros;2002-01-07;2400;0.00;-3.44;95.60;0.00;0.67;22.42
LE04;Zotes del Paramo;2002-01-07;0030;0.00;2.41;89.90;0.00;0.72;21.16
LE04;Zotes del Paramo;2002-01-07;0100;0.00;2.00;90.40;0.00;0.18;236.80
LE04;Zotes del Paramo;2002-01-07;0130;0.00;1.76;91.60;0.00;0.36;27.83
LE04;Zotes del Paramo;2002-01-07;0200;0.00;2.12;91.60;0.00;0.35;37.57
LE04;Zotes del Paramo;2002-01-07;0230;0.00;2.10;91.20;0.00;0.57;345.90
LE04;Zotes del Paramo;2002-01-07;0300;0.00;1.65;91.60;0.00;0.30;49.43
LE04;Zotes del Paramo;2002-01-07;0330;0.00;1.58;91.10;0.00;0.63;21.79
LE04;Zotes del Paramo;2002-01-07;0400;0.00;1.26;91.70;0.00;0.76;65.72
LE04;Zotes del Paramo;2002-01-07;0430;0.00;1.08;91.10;0.00;0.32;149.70
LE04;Zotes del Paramo;2002-01-07;0500;0.00;0.29;92.30;0.00;0.63;48.84
LE04;Zotes del Paramo;2002-01-07;0530;0.00;-0.20;92.80;0.00;0.45;58.24
LE04;Zotes del Paramo;2002-01-07;0600;0.00;-0.47;93.50;0.00;1.33;59.03
LE04;Zotes del Paramo;2002-01-07;0630;0.00;-0.65;92.90;0.00;0.97;70.30
LE04;Zotes del Paramo;2002-01-07;0700;0.00;-1.01;93.00;0.01;1.01;88.10
LE04;Zotes del Paramo;2002-01-07;0730;0.00;-1.35;92.80;1.77;0.65;78.60
LE04;Zotes del Paramo;2002-01-07;0800;0.00;-1.43;93.00;30.49;0.82;70.20
LE04;Zotes del Paramo;2002-01-07;0830;0.00;-0.50;91.90;115.40;1.43;61.17
LE04;Zotes del Paramo;2002-01-07;0900;0.00;0.43;90.40;186.50;1.52;54.50
LE04;Zotes del Paramo;2002-01-07;0930;0.20;1.59;87.80;248.80;1.74;64.44
LE04;Zotes del Paramo;2002-01-07;1000;0.00;2.60;82.80;327.70;1.47;79.00
LE04;Zotes del Paramo;2002-01-07;1030;0.00;3.81;77.80;380.80;1.30;101.20
LE04;Zotes del Paramo;2002-01-07;1100;0.00;4.71;73.80;442.40;1.14;59.37
LE04;Zotes del Paramo;2002-01-07;1130;0.00;5.43;69.66;457.50;0.92;38.09
LE04;Zotes del Paramo;2002-01-07;1200;0.00;5.77;66.73;329.50;0.59;60.66
LE04;Zotes del Paramo;2002-01-07;1230;0.00;6.14;65.60;536.50;0.63;61.36
LE04;Zotes del Paramo;2002-01-07;1300;0.00;6.82;61.84;427.00;1.16;43.74
LE04;Zotes del Paramo;2002-01-07;1330;0.00;6.54;63.81;295.90;0.92;308.40
LE04;Zotes del Paramo;2002-01-07;1400;0.00;6.85;62.49;339.80;0.61;307.20
LE04;Zotes del Paramo;2002-01-07;1430;0.00;7.05;61.27;279.30;0.99;319.10
LE04;Zotes del Paramo;2002-01-07;1500;0.00;7.03;60.36;197.20;0.89;280.80
LE04;Zotes del Paramo;2002-01-07;1530;0.00;6.56;62.68;111.30;0.59;265.70
LE04;Zotes del Paramo;2002-01-07;1600;0.00;6.29;62.83;49.51;0.17;233.60
LE04;Zotes del Paramo;2002-01-07;1630;0.00;5.23;72.10;23.39;0.38;176.70
LE04;Zotes del Paramo;2002-01-07;1700;0.00;3.73;80.10;4.11;0.61;164.70
LE04;Zotes del Paramo;2002-01-07;1730;0.00;2.30;84.30;0.00;0.81;163.50
LE04;Zotes del Paramo;2002-01-07;1800;0.00;1.69;85.70;0.00;0.67;171.90
LE04;Zotes del Paramo;2002-01-07;1830;0.00;1.06;87.00;0.01;0.80;133.00
LE04;Zotes del Paramo;2002-01-07;1900;0.00;0.54;88.30;0.01;0.64;127.60
LE04;Zotes del Paramo;2002-01-07;1930;0.00;-0.22;90.10;0.00;0.54;143.40
LE04;Zotes del Paramo;2002-01-07;2000;0.00;-0.71;91.20;0.03;0.21;177.80
LE04;Zotes del Paramo;2002-01-07;2030;0.00;-0.62;92.20;0.00;0.12;260.80
LE04;Zotes del Paramo;2002-01-07;2100;0.00;-0.86;92.70;0.00;0.33;33.48
LE04;Zotes del Paramo;2002-01-07;2130;0.00;-1.06;93.20;0.00;0.31;36.70
LE04;Zotes del Paramo;2002-01-07;2200;0.00;-1.15;93.60;0.00;0.37;63.56
LE04;Zotes del Paramo;2002-01-07;2230;0.00;-1.67;93.60;0.00;0.71;71.60
LE04;Zotes del Paramo;2002-01-07;2300;0.00;-1.76;93.90;0.00;0.60;78.20
LE04;Zotes del Paramo;2002-01-07;2330;0.00;-1.99;94.00;0.00;0.49;66.63
LE04;Zotes del Paramo;2002-01-07;2400;0.00;-2.30;93.90;0.00;0.66;62.20
LE05;Quintana del Marco;2002-01-07;0030;0.00;2.33;91.90;0.00;0.35;349.00
LE05;Quintana del Marco;2002-01-07;0100;0.00;1.68;92.80;0.00;0.18;358.80
LE05;Quintana del Marco;2002-01-07;0130;0.00;1.57;93.50;0.00;0.25;338.80
LE05;Quintana del Marco;2002-01-07;0200;0.00;1.91;93.80;0.00;0.43;8.10
LE05;Quintana del Marco;2002-01-07;0230;0.00;2.02;93.80;0.00;0.42;326.80
LE05;Quintana del Marco;2002-01-07;0300;0.00;1.95;93.80;0.00;0.47;300.40
LE05;Quintana del Marco;2002-01-07;0330;0.00;0.61;93.70;0.00;0.50;54.59
LE05;Quintana del Marco;2002-01-07;0400;0.00;0.51;94.60;0.00;0.36;319.70
LE05;Quintana del Marco;2002-01-07;0430;0.00;0.73;94.60;0.00;0.51;261.80
LE05;Quintana del Marco;2002-01-07;0500;0.00;0.14;94.70;0.00;0.12;151.00
LE05;Quintana del Marco;2002-01-07;0530;0.00;-1.00;94.70;0.00;0.14;72.10
LE05;Quintana del Marco;2002-01-07;0600;0.00;-1.96;94.90;0.00;0.24;342.90
LE05;Quintana del Marco;2002-01-07;0630;0.00;-1.61;95.50;0.00;0.23;254.90
LE05;Quintana del Marco;2002-01-07;0700;0.00;-1.98;95.50;0.00;0.47;302.10
LE05;Quintana del Marco;2002-01-07;0730;0.00;-2.86;95.50;1.75;0.25;11.30
LE05;Quintana del Marco;2002-01-07;0800;0.00;-2.75;95.60;22.45;0.25;6.05
LE05;Quintana del Marco;2002-01-07;0830;0.00;-1.73;95.60;98.10;0.10;348.50
LE05;Quintana del Marco;2002-01-07;0900;0.00;0.19;95.10;168.10;0.30;340.70
LE05;Quintana del Marco;2002-01-07;0930;0.00;1.28;92.60;217.40;0.63;1.33
LE05;Quintana del Marco;2002-01-07;1000;0.00;2.69;88.40;282.40;0.37;53.86
LE05;Quintana del Marco;2002-01-07;1030;0.00;4.26;78.70;331.70;0.67;19.98
LE05;Quintana del Marco;2002-01-07;1100;0.00;4.95;73.10;414.10;0.76;28.49
LE05;Quintana del Marco;2002-01-07;1130;0.00;5.88;68.22;442.00;0.88;91.10
LE05;Quintana del Marco;2002-01-07;1200;0.00;6.60;66.05;356.00;0.77;142.50
LE05;Quintana del Marco;2002-01-07;1230;0.00;6.20;66.26;326.80;0.74;141.30
LE05;Quintana del Marco;2002-01-07;1300;0.00;6.58;65.98;278.50;1.02;196.00
LE05;Quintana del Marco;2002-01-07;1330;0.00;6.87;63.89;332.40;0.95;189.90
LE05;Quintana del Marco;2002-01-07;1400;0.00;7.14;61.09;384.40;0.87;258.40
LE05;Quintana del Marco;2002-01-07;1430;0.00;8.01;58.42;331.60;0.79;255.90
LE05;Quintana del Marco;2002-01-07;1500;0.00;7.51;59.43;180.30;0.65;238.00
LE05;Quintana del Marco;2002-01-07;1530;0.00;7.04;61.74;81.70;0.56;104.80
LE05;Quintana del Marco;2002-01-07;1600;0.00;6.12;70.50;47.47;0.60;104.40
LE05;Quintana del Marco;2002-01-07;1630;0.00;4.83;76.80;25.03;0.14;99.80
LE05;Quintana del Marco;2002-01-07;1700;0.00;3.07;81.90;4.19;0.04;148.40
LE05;Quintana del Marco;2002-01-07;1730;0.00;1.06;86.30;0.01;0.02;243.90
LE05;Quintana del Marco;2002-01-07;1800;0.00;-0.40;89.50;0.00;0.14;254.40
LE05;Quintana del Marco;2002-01-07;1830;0.00;-0.98;91.40;0.00;0.00;0.00
LE05;Quintana del Marco;2002-01-07;1900;0.00;-1.75;92.00;0.00;0.02;74.50
LE05;Quintana del Marco;2002-01-07;1930;0.00;-2.11;93.00;0.00;0.28;320.50
LE05;Quintana del Marco;2002-01-07;2000;0.00;-2.46;93.50;0.00;0.38;2.57
LE05;Quintana del Marco;2002-01-07;2030;0.00;-3.11;93.60;0.00;0.20;355.60
LE05;Quintana del Marco;2002-01-07;2100;0.00;-3.07;94.00;0.00;0.58;21.80
LE05;Quintana del Marco;2002-01-07;2130;0.00;-2.03;94.30;0.00;0.54;12.45
LE05;Quintana del Marco;2002-01-07;2200;0.00;-2.34;94.20;0.00;0.72;357.10
LE05;Quintana del Marco;2002-01-07;2230;0.00;-2.30;94.10;0.00;0.47;330.80
LE05;Quintana del Marco;2002-01-07;2300;0.00;-2.39;94.40;0.00;0.49;285.40
LE05;Quintana del Marco;2002-01-07;2330;0.00;-3.11;94.10;0.00;0.37;342.70
LE05;Quintana del Marco;2002-01-07;2400;0.00;-3.57;94.50;0.00;0.46;351.10
LE06;Hospital de Orbigo;2002-01-07;0030;0.00;1.80;85.50;0.00;0.56;5.04
LE06;Hospital de Orbigo;2002-01-07;0100;0.00;1.55;86.00;0.00;0.39;302.60
LE06;Hospital de Orbigo;2002-01-07;0130;0.00;1.33;86.80;0.00;0.45;267.60
LE06;Hospital de Orbigo;2002-01-07;0200;0.00;1.80;84.80;0.00;0.46;263.60
LE06;Hospital de Orbigo;2002-01-07;0230;0.00;1.14;86.60;0.00;0.57;212.80
LE06;Hospital de Orbigo;2002-01-07;0300;0.00;0.77;87.70;0.00;0.44;129.30
LE06;Hospital de Orbigo;2002-01-07;0330;0.00;1.16;87.70;0.00;0.25;185.80
LE06;Hospital de Orbigo;2002-01-07;0400;0.00;1.08;87.50;0.00;0.46;213.10
LE06;Hospital de Orbigo;2002-01-07;0430;0.00;0.93;88.40;0.00;0.30;228.10
LE06;Hospital de Orbigo;2002-01-07;0500;0.00;0.68;88.80;0.00;0.39;120.10
LE06;Hospital de Orbigo;2002-01-07;0530;0.00;0.57;89.60;0.00;0.74;44.66
LE06;Hospital de Orbigo;2002-01-07;0600;0.00;0.88;88.80;0.00;0.72;10.30
LE06;Hospital de Orbigo;2002-01-07;0630;0.00;0.05;88.60;0.00;1.01;359.20
LE06;Hospital de Orbigo;2002-01-07;0700;0.00;-0.98;89.00;0.00;0.40;13.02
LE06;Hospital de Orbigo;2002-01-07;0730;0.00;-1.27;88.30;1.72;0.41;353.30
LE06;Hospital de Orbigo;2002-01-07;0800;0.00;-1.58;87.80;22.70;0.85;18.69
LE06;Hospital de Orbigo;2002-01-07;0830;0.00;-1.24;86.60;84.90;1.45;22.23
LE06;Hospital de Orbigo;2002-01-07;0900;0.00;-0.41;82.40;150.10;2.23;36.45
LE06;Hospital de Orbigo;2002-01-07;0930;0.00;0.26;80.20;218.70;1.76;40.48
LE06;Hospital de Orbigo;2002-01-07;1000;0.00;1.27;77.40;289.80;0.76;53.81
LE06;Hospital de Orbigo;2002-01-07;1030;0.00;2.93;72.90;298.80;0.52;71.90
LE06;Hospital de Orbigo;2002-01-07;1100;0.00;4.41;66.43;389.20;0.52;151.10
LE06;Hospital de Orbigo;2002-01-07;1130;0.00;5.16;64.32;378.60;0.71;181.80
LE06;Hospital de Orbigo;2002-01-07;1200;0.00;5.18;63.74;452.50;0.90;103.10
LE06;Hospital de Orbigo;2002-01-07;1230;0.00;5.45;63.40;468.80;1.05;116.30
LE06;Hospital de Orbigo;2002-01-07;1300;0.00;5.94;63.81;334.70;1.28;227.90
LE06;Hospital de Orbigo;2002-01-07;1330;0.00;5.45;63.09;385.20;0.94;260.00
LE06;Hospital de Orbigo;2002-01-07;1400;0.00;6.01;65.24;255.40;1.53;237.20
LE06;Hospital de Orbigo;2002-01-07;1430;0.00;5.40;64.66;172.20;1.25;194.70
LE06;Hospital de Orbigo;2002-01-07;1500;0.00;5.04;66.00;115.30;1.38;159.40
LE06;Hospital de Orbigo;2002-01-07;1530;0.00;4.94;66.20;154.10;1.55;152.60
LE06;Hospital de Orbigo;2002-01-07;1600;0.00;5.09;66.10;75.20;1.38;137.00
LE06;Hospital de Orbigo;2002-01-07;1630;0.00;4.26;70.70;24.36;0.93;144.80
LE06;Hospital de Orbigo;2002-01-07;1700;0.00;2.89;75.90;2.76;0.40;189.80
LE06;Hospital de Orbigo;2002-01-07;1730;0.00;1.61;82.90;0.00;0.53;341.40
LE06;Hospital de Orbigo;2002-01-07;1800;0.00;0.51;85.60;0.00;0.23;323.40
LE06;Hospital de Orbigo;2002-01-07;1830;0.00;-0.18;87.30;0.00;0.73;11.54
LE06;Hospital de Orbigo;2002-01-07;1900;0.00;-0.64;88.20;0.00;0.45;355.50
LE06;Hospital de Orbigo;2002-01-07;1930;0.00;-1.09;89.10;0.00;0.99;1.39
LE06;Hospital de Orbigo;2002-01-07;2000;0.00;-1.47;89.20;0.00;1.24;10.11
LE06;Hospital de Orbigo;2002-01-07;2030;0.00;-1.52;89.00;0.00;1.11;353.30
LE06;Hospital de Orbigo;2002-01-07;2100;0.00;-1.90;88.00;0.00;0.91;17.29
LE06;Hospital de Orbigo;2002-01-07;2130;0.00;-2.08;88.50;0.00;1.29;2.35
LE06;Hospital de Orbigo;2002-01-07;2200;0.00;-1.86;86.90;0.00;2.01;2.62
LE06;Hospital de Orbigo;2002-01-07;2230;0.00;-2.21;87.10;0.00;1.62;10.28
LE06;Hospital de Orbigo;2002-01-07;2300;0.00;-2.26;87.00;0.00;1.55;11.76
LE06;Hospital de Orbigo;2002-01-07;2330;0.00;-2.60;87.30;0.00;1.77;4.61
LE06;Hospital de Orbigo;2002-01-07;2400;0.00;-2.60;87.20;0.00;2.19;359.90
LE07;Bustillo del Paramo;2002-01-07;0030;0.00;1.68;76.80;0.00;1.03;64.47
LE07;Bustillo del Paramo;2002-01-07;0100;0.00;1.68;75.60;0.00;1.30;76.10
LE07;Bustillo del Paramo;2002-01-07;0130;0.00;1.73;75.50;0.00;1.20;53.31
LE07;Bustillo del Paramo;2002-01-07;0200;0.00;1.68;74.90;0.00;0.76;62.84
LE07;Bustillo del Paramo;2002-01-07;0230;0.00;1.50;74.40;0.00;0.46;103.20
LE07;Bustillo del Paramo;2002-01-07;0300;0.00;0.64;76.40;0.00;0.74;39.53
LE07;Bustillo del Paramo;2002-01-07;0330;0.00;0.37;78.90;0.00;0.71;258.40
LE07;Bustillo del Paramo;2002-01-07;0400;0.00;0.28;79.80;0.00;0.48;206.90
LE07;Bustillo del Paramo;2002-01-07;0430;0.00;-0.01;81.10;0.00;0.26;273.50
LE07;Bustillo del Paramo;2002-01-07;0500;0.00;-0.12;82.00;0.00;0.30;316.00
LE07;Bustillo del Paramo;2002-01-07;0530;0.00;-0.61;82.90;0.00;0.47;50.75
LE07;Bustillo del Paramo;2002-01-07;0600;0.00;-0.70;83.70;0.00;0.58;74.90
LE07;Bustillo del Paramo;2002-01-07;0630;0.00;-1.02;84.00;0.00;0.56;14.30
LE07;Bustillo del Paramo;2002-01-07;0700;0.00;-2.06;85.00;0.01;1.00;50.84
LE07;Bustillo del Paramo;2002-01-07;0730;0.00;-2.99;85.70;1.53;0.61;255.70
LE07;Bustillo del Paramo;2002-01-07;0800;0.00;-2.91;85.80;19.05;0.44;334.50
LE07;Bustillo del Paramo;2002-01-07;0830;0.00;-2.21;85.40;86.50;0.03;309.60
LE07;Bustillo del Paramo;2002-01-07;0900;0.00;-0.84;83.90;142.30;0.49;328.50
LE07;Bustillo del Paramo;2002-01-07;0930;0.00;0.34;81.80;204.90;0.53;317.40
LE07;Bustillo del Paramo;2002-01-07;1000;0.00;1.85;74.20;265.20;0.82;319.40
LE07;Bustillo del Paramo;2002-01-07;1030;0.00;2.66;68.12;290.00;0.43;247.20
LE07;Bustillo del Paramo;2002-01-07;1100;0.00;3.66;62.30;380.80;0.43;276.20
LE07;Bustillo del Paramo;2002-01-07;1130;0.00;4.54;58.55;353.90;0.42;300.60
LE07;Bustillo del Paramo;2002-01-07;1200;0.00;5.25;56.82;403.10;0.83;321.50
LE07;Bustillo del Paramo;2002-01-07;1230;0.00;5.25;56.02;400.50;0.98;263.90
LE07;Bustillo del Paramo;2002-01-07;1300;0.00;5.24;53.94;371.20;1.29;251.80
LE07;Bustillo del Paramo;2002-01-07;1330;0.00;5.17;56.68;296.40;1.93;254.00
LE07;Bustillo del Paramo;2002-01-07;1400;0.00;4.95;58.76;248.30;1.68;273.30
LE07;Bustillo del Paramo;2002-01-07;1430;0.00;4.91;56.17;187.10;1.40;257.20
LE07;Bustillo del Paramo;2002-01-07;1500;0.00;4.54;58.53;160.80;0.72;259.40
LE07;Bustillo del Paramo;2002-01-07;1530;0.00;5.10;55.38;181.70;0.81;229.20
LE07;Bustillo del Paramo;2002-01-07;1600;0.00;5.25;54.21;119.20;0.75;208.70
LE07;Bustillo del Paramo;2002-01-07;1630;0.00;3.81;58.91;29.95;0.70;191.50
LE07;Bustillo del Paramo;2002-01-07;1700;0.00;1.57;65.71;4.01;0.44;207.30
LE07;Bustillo del Paramo;2002-01-07;1730;0.00;0.73;71.60;0.00;0.04;227.70
LE07;Bustillo del Paramo;2002-01-07;1800;0.00;-0.51;76.10;0.00;0.46;260.80
LE07;Bustillo del Paramo;2002-01-07;1830;0.00;-1.48;78.50;0.00;0.55;41.91
LE07;Bustillo del Paramo;2002-01-07;1900;0.00;-1.74;79.30;0.01;0.19;42.67
LE07;Bustillo del Paramo;2002-01-07;1930;0.00;-2.24;80.10;0.02;0.68;31.68
LE07;Bustillo del Paramo;2002-01-07;2000;0.00;-2.96;80.40;0.03;0.62;14.85
LE07;Bustillo del Paramo;2002-01-07;2030;0.00;-2.94;80.70;0.03;0.60;355.30
LE07;Bustillo del Paramo;2002-01-07;2100;0.00;-3.68;81.00;0.01;0.48;42.27
LE07;Bustillo del Paramo;2002-01-07;2130;0.00;-4.00;81.40;0.00;0.71;40.56
LE07;Bustillo del Paramo;2002-01-07;2200;0.00;-3.61;81.50;0.00;0.71;35.34
LE07;Bustillo del Paramo;2002-01-07;2230;0.00;-4.32;81.80;0.00;0.70;34.40
LE07;Bustillo del Paramo;2002-01-07;2300;0.00;-4.07;82.00;0.00;0.82;34.29
LE07;Bustillo del Paramo;2002-01-07;2330;0.00;-4.92;82.30;0.00;0.87;40.85
LE07;Bustillo del Paramo;2002-01-07;2400;0.00;-4.57;82.30;0.00;0.71;33.22
LE08;Sahagun;2002-01-07;0030;0.00;0.12;90.60;0.00;1.91;345.70
LE08;Sahagun;2002-01-07;0100;0.00;0.07;89.80;0.00;1.75;342.40
LE08;Sahagun;2002-01-07;0130;0.00;0.05;89.40;0.00;1.33;345.20
LE08;Sahagun;2002-01-07;0200;0.00;0.09;89.10;0.00;1.38;337.80
LE08;Sahagun;2002-01-07;0230;0.00;-0.20;89.30;0.00;1.23;340.20
LE08;Sahagun;2002-01-07;0300;0.00;-0.69;90.90;0.00;1.60;336.20
LE08;Sahagun;2002-01-07;0330;0.00;-0.98;91.50;0.00;1.89;339.30
LE08;Sahagun;2002-01-07;0400;0.00;-1.27;91.30;0.00;1.09;339.20
LE08;Sahagun;2002-01-07;0430;0.00;-1.09;91.30;0.00;1.07;348.30
LE08;Sahagun;2002-01-07;0500;0.00;-1.52;91.80;0.00;1.71;339.80
LE08;Sahagun;2002-01-07;0530;0.00;-1.74;92.00;0.00;1.78;339.50
LE08;Sahagun;2002-01-07;0600;0.00;-1.85;91.40;0.00;1.72;336.70
LE08;Sahagun;2002-01-07;0630;0.00;-2.12;91.80;0.00;1.89;338.80
LE08;Sahagun;2002-01-07;0700;0.00;-2.17;91.50;0.00;1.97;339.80
LE08;Sahagun;2002-01-07;0730;0.00;-2.32;91.30;1.29;1.34;339.80
LE08;Sahagun;2002-01-07;0800;0.00;-2.14;91.10;20.03;1.06;335.80
LE08;Sahagun;2002-01-07;0830;0.00;-1.70;89.70;78.40;1.25;327.80
LE08;Sahagun;2002-01-07;0900;0.00;-1.60;89.80;139.20;1.13;345.60
LE08;Sahagun;2002-01-07;0930;0.00;0.09;87.50;209.90;0.58;27.60
LE08;Sahagun;2002-01-07;1000;0.20;1.75;80.40;225.90;0.72;82.20
LE08;Sahagun;2002-01-07;1030;0.00;2.11;76.90;310.20;0.61;61.53
LE08;Sahagun;2002-01-07;1100;0.00;3.00;73.70;378.60;0.50;356.40
LE08;Sahagun;2002-01-07;1130;0.00;3.17;72.90;368.70;0.83;340.40
LE08;Sahagun;2002-01-07;1200;0.00;3.37;74.80;429.30;1.42;352.00
LE08;Sahagun;2002-01-07;1230;0.00;3.91;68.97;403.90;1.38;347.00
LE08;Sahagun;2002-01-07;1300;0.00;3.92;67.74;287.80;1.55;328.80
LE08;Sahagun;2002-01-07;1330;0.00;4.08;67.75;326.40;1.34;319.80
LE08;Sahagun;2002-01-07;1400;0.00;4.21;65.03;248.10;2.04;308.10
LE08;Sahagun;2002-01-07;1430;0.00;4.04;65.97;253.50;1.78;305.70
LE08;Sahagun;2002-01-07;1500;0.00;3.72;65.17;124.10;1.50;301.00
LE08;Sahagun;2002-01-07;1530;0.00;3.20;67.76;63.86;0.50;289.30
LE08;Sahagun;2002-01-07;1600;0.00;2.94;68.30;42.43;0.59;291.10
LE08;Sahagun;2002-01-07;1630;0.00;2.61;70.80;14.78;0.31;286.90
LE08;Sahagun;2002-01-07;1700;0.00;2.28;73.10;3.72;0.22;246.90
LE08;Sahagun;2002-01-07;1730;0.00;1.81;75.10;0.02;0.18;259.50
LE08;Sahagun;2002-01-07;1800;0.00;1.93;74.90;0.00;0.12;247.40
LE08;Sahagun;2002-01-07;1830;0.00;1.34;78.70;0.00;0.02;248.90
LE08;Sahagun;2002-01-07;1900;0.00;0.76;83.30;0.00;0.08;179.90
LE08;Sahagun;2002-01-07;1930;0.00;0.10;87.40;0.00;0.34;319.00
LE08;Sahagun;2002-01-07;2000;0.00;0.12;87.40;0.00;0.42;320.90
LE08;Sahagun;2002-01-07;2030;0.00;-0.45;87.30;0.00;0.10;79.70
LE08;Sahagun;2002-01-07;2100;0.00;-1.20;90.60;0.00;0.65;332.70
LE08;Sahagun;2002-01-07;2130;0.00;-1.43;92.10;0.00;0.80;309.80
LE08;Sahagun;2002-01-07;2200;0.00;-1.85;92.50;0.00;0.74;318.90
LE08;Sahagun;2002-01-07;2230;0.00;-1.92;93.10;0.00;1.31;324.80
LE08;Sahagun;2002-01-07;2300;0.00;-2.16;93.70;0.00;1.07;318.20
LE08;Sahagun;2002-01-07;2330;0.00;-2.43;93.30;0.00;1.31;318.20
LE08;Sahagun;2002-01-07;2400;0.00;-2.21;93.70;0.00;0.83;319.60
LE09;Santas Martas;2002-01-07;0030;0.00;1.17;88.20;0.00;1.73;44.42
LE09;Santas Martas;2002-01-07;0100;0.00;0.86;88.50;0.00;1.98;32.85
LE09;Santas Martas;2002-01-07;0130;0.00;0.84;88.20;0.00;2.08;34.18
LE09;Santas Martas;2002-01-07;0200;0.00;0.75;87.90;0.00;1.26;50.68
LE09;Santas Martas;2002-01-07;0230;0.00;0.46;88.20;0.00;1.67;53.50
LE09;Santas Martas;2002-01-07;0300;0.00;0.07;88.60;0.00;1.96;30.72
LE09;Santas Martas;2002-01-07;0330;0.00;0.05;88.40;0.00;2.48;29.81
LE09;Santas Martas;2002-01-07;0400;0.00;0.14;87.80;0.00;2.21;34.38
LE09;Santas Martas;2002-01-07;0430;0.00;-0.15;88.10;0.00;2.30;27.32
LE09;Santas Martas;2002-01-07;0500;0.00;-0.29;88.10;0.00;2.41;24.85
LE09;Santas Martas;2002-01-07;0530;0.00;-0.38;87.70;0.00;2.35;28.97
LE09;Santas Martas;2002-01-07;0600;0.00;-0.49;87.80;0.00;2.22;33.63
LE09;Santas Martas;2002-01-07;0630;0.00;-0.62;88.00;0.00;2.27;34.87
LE09;Santas Martas;2002-01-07;0700;0.00;-0.76;88.10;0.00;1.82;49.30
LE09;Santas Martas;2002-01-07;0730;0.00;-1.25;89.20;1.59;0.68;186.00
LE09;Santas Martas;2002-01-07;0800;0.00;-1.06;90.00;21.83;0.49;4.73
LE09;Santas Martas;2002-01-07;0830;0.00;-0.15;86.00;80.90;0.65;28.13
LE09;Santas Martas;2002-01-07;0900;0.00;0.57;85.00;142.70;0.55;15.40
LE09;Santas Martas;2002-01-07;0930;0.00;1.27;84.80;214.70;0.92;28.25
LE09;Santas Martas;2002-01-07;1000;0.00;2.16;83.70;229.20;1.31;51.49
LE09;Santas Martas;2002-01-07;1030;0.00;2.63;81.20;302.00;1.11;64.23
LE09;Santas Martas;2002-01-07;1100;0.00;3.98;73.50;280.60;0.31;24.73
LE09;Santas Martas;2002-01-07;1130;0.00;3.95;73.10;276.50;0.35;293.00
LE09;Santas Martas;2002-01-07;1200;0.00;4.46;70.90;320.10;0.99;355.40
LE09;Santas Martas;2002-01-07;1230;0.00;4.53;70.90;281.60;1.10;334.50
LE09;Santas Martas;2002-01-07;1300;0.00;4.73;71.10;271.10;1.44;303.20
LE09;Santas Martas;2002-01-07;1330;0.00;4.91;69.47;218.20;1.94;281.10
LE09;Santas Martas;2002-01-07;1400;0.00;5.11;69.16;258.40;2.65;267.90
LE09;Santas Martas;2002-01-07;1430;0.00;5.47;68.95;243.70;2.34;260.80
LE09;Santas Martas;2002-01-07;1500;0.00;5.73;70.90;154.20;2.24;257.60
LE09;Santas Martas;2002-01-07;1530;0.00;5.13;72.70;71.90;1.60;250.90
LE09;Santas Martas;2002-01-07;1600;0.00;4.68;77.00;60.20;0.92;215.20
LE09;Santas Martas;2002-01-07;1630;0.00;4.10;79.80;27.79;0.90;196.60
LE09;Santas Martas;2002-01-07;1700;0.00;3.04;80.70;3.74;1.06;169.40
LE09;Santas Martas;2002-01-07;1730;0.00;2.28;82.30;0.00;1.15;165.10
LE09;Santas Martas;2002-01-07;1800;0.00;1.91;82.60;0.00;0.81;133.10
LE09;Santas Martas;2002-01-07;1830;0.00;1.93;81.90;0.00;0.96;117.10
LE09;Santas Martas;2002-01-07;1900;0.00;1.11;85.00;0.00;1.29;121.80
LE09;Santas Martas;2002-01-07;1930;0.00;0.76;86.90;0.00;1.01;84.90
LE09;Santas Martas;2002-01-07;2000;0.00;0.23;89.50;0.00;1.19;66.61
LE09;Santas Martas;2002-01-07;2030;0.00;0.05;90.00;0.00;1.04;72.40
LE09;Santas Martas;2002-01-07;2100;0.00;0.63;87.70;0.00;0.70;74.90
LE09;Santas Martas;2002-01-07;2130;0.00;-0.16;89.00;0.00;1.52;34.85
LE09;Santas Martas;2002-01-07;2200;0.00;-1.00;90.80;0.00;1.34;56.57
LE09;Santas Martas;2002-01-07;2230;0.00;-1.13;91.10;0.00;1.30;53.42
LE09;Santas Martas;2002-01-07;2300;0.00;-1.20;90.80;0.00;1.10;50.19
LE09;Santas Martas;2002-01-07;2330;0.00;-1.51;90.80;0.00;1.34;49.24
LE09;Santas Martas;2002-01-07;2400;0.00;-1.60;90.60;0.00;1.15;47.73
P01;Torquemada;2002-01-07;0030;0.00;-0.62;89.30;0.00;0.40;271.10
P01;Torquemada;2002-01-07;0100;0.00;-1.09;90.20;0.00;0.14;333.40
P01;Torquemada;2002-01-07;0130;0.00;-1.36;91.40;0.00;0.18;337.90
P01;Torquemada;2002-01-07;0200;0.00;-1.51;92.40;0.00;0.36;38.82
P01;Torquemada;2002-01-07;0230;0.00;-1.80;92.40;0.00;0.11;286.20
P01;Torquemada;2002-01-07;0300;0.00;-1.89;93.80;0.00;0.38;344.20
P01;Torquemada;2002-01-07;0330;0.00;-1.58;93.40;0.00;0.62;10.09
P01;Torquemada;2002-01-07;0400;0.00;-1.78;92.00;0.00;0.70;45.07
P01;Torquemada;2002-01-07;0430;0.00;-2.51;92.80;0.00;0.76;21.65
P01;Torquemada;2002-01-07;0500;0.00;-2.54;93.40;0.00;0.50;34.42
P01;Torquemada;2002-01-07;0530;0.00;-3.22;93.40;0.00;0.44;83.50
P01;Torquemada;2002-01-07;0600;0.00;-3.13;94.30;0.00;0.61;32.37
P01;Torquemada;2002-01-07;0630;0.00;-3.17;94.60;0.00;0.54;10.11
P01;Torquemada;2002-01-07;0700;0.00;-3.46;94.60;0.00;0.19;0.42
P01;Torquemada;2002-01-07;0730;0.00;-3.68;94.80;1.67;0.66;31.78
P01;Torquemada;2002-01-07;0800;0.00;-3.63;94.90;21.59;0.05;355.30
P01;Torquemada;2002-01-07;0830;0.00;-2.78;94.00;75.30;0.15;49.23
P01;Torquemada;2002-01-07;0900;0.00;-1.97;92.10;175.70;1.11;53.04
P01;Torquemada;2002-01-07;0930;0.00;-1.10;90.50;302.50;0.99;64.77
P01;Torquemada;2002-01-07;1000;0.00;-0.20;87.90;216.80;1.22;61.02
P01;Torquemada;2002-01-07;1030;0.00;0.57;86.40;277.40;1.23;50.80
P01;Torquemada;2002-01-07;1100;0.00;1.19;84.70;291.00;0.70;33.40
P01;Torquemada;2002-01-07;1130;0.00;2.06;80.30;364.70;0.59;57.60
P01;Torquemada;2002-01-07;1200;0.00;2.84;78.00;328.30;0.55;77.90
P01;Torquemada;2002-01-07;1230;0.00;3.73;74.50;345.60;0.33;109.10
P01;Torquemada;2002-01-07;1300;0.00;5.23;67.89;319.50;0.57;229.20
P01;Torquemada;2002-01-07;1330;0.00;5.44;65.72;362.50;0.43;191.10
P01;Torquemada;2002-01-07;1400;0.00;6.29;64.75;399.70;0.87;115.20
P01;Torquemada;2002-01-07;1430;0.00;5.96;66.61;284.10;0.88;108.60
P01;Torquemada;2002-01-07;1500;0.00;5.91;65.72;161.40;0.88;45.43
P01;Torquemada;2002-01-07;1530;0.00;5.49;69.77;81.30;1.43;42.71
P01;Torquemada;2002-01-07;1600;0.00;4.82;74.80;52.38;1.23;33.46
P01;Torquemada;2002-01-07;1630;0.00;3.71;79.20;19.64;0.62;18.18
P01;Torquemada;2002-01-07;1700;0.00;2.44;83.00;3.59;0.08;128.00
P01;Torquemada;2002-01-07;1730;0.00;1.11;84.80;0.04;0.68;265.10
P01;Torquemada;2002-01-07;1800;0.00;-0.08;88.60;0.00;0.58;288.80
P01;Torquemada;2002-01-07;1830;0.00;-0.68;90.40;0.00;0.17;223.90
P01;Torquemada;2002-01-07;1900;0.00;-0.80;91.50;0.00;0.36;281.10
P01;Torquemada;2002-01-07;1930;0.00;-0.96;92.20;0.00;0.31;228.20
P01;Torquemada;2002-01-07;2000;0.00;-1.42;92.80;0.00;0.21;24.52
P01;Torquemada;2002-01-07;2030;0.00;-1.60;93.60;0.00;0.16;333.80
P01;Torquemada;2002-01-07;2100;0.00;-1.71;93.80;0.00;0.21;348.10
P01;Torquemada;2002-01-07;2130;0.00;-2.40;94.10;0.00;0.00;0.00
P01;Torquemada;2002-01-07;2200;0.00;-2.36;94.60;0.00;0.26;328.70
P01;Torquemada;2002-01-07;2230;0.00;-2.58;94.50;0.00;0.18;6.67
P01;Torquemada;2002-01-07;2300;0.00;-3.17;94.60;0.00;0.20;290.70
P01;Torquemada;2002-01-07;2330;0.00;-3.15;94.50;0.00;0.15;295.40
P01;Torquemada;2002-01-07;2400;0.00;-3.44;94.00;0.00;0.04;258.10
P02;Villamuriel de Cerrato;2002-01-07;0030;0.00;0.59;85.40;0.00;0.55;73.80
P02;Villamuriel de Cerrato;2002-01-07;0100;0.00;0.12;87.20;0.00;0.28;59.19
P02;Villamuriel de Cerrato;2002-01-07;0130;0.00;-0.01;87.70;0.00;1.12;60.41
P02;Villamuriel de Cerrato;2002-01-07;0200;0.00;-0.36;87.80;0.00;0.25;18.80
P02;Villamuriel de Cerrato;2002-01-07;0230;0.00;-0.87;90.20;0.00;0.44;5.24
P02;Villamuriel de Cerrato;2002-01-07;0300;0.00;-1.11;91.60;0.00;0.40;108.20
P02;Villamuriel de Cerrato;2002-01-07;0330;0.00;-1.25;90.80;0.00;0.63;65.55
P02;Villamuriel de Cerrato;2002-01-07;0400;0.00;-2.04;92.40;0.00;0.48;80.10
P02;Villamuriel de Cerrato;2002-01-07;0430;0.00;-1.56;93.10;0.00;0.34;103.60
P02;Villamuriel de Cerrato;2002-01-07;0500;0.00;-1.69;92.50;0.00;0.22;101.50
P02;Villamuriel de Cerrato;2002-01-07;0530;0.00;-1.98;92.70;0.00;0.34;92.20
P02;Villamuriel de Cerrato;2002-01-07;0600;0.00;-2.00;92.60;0.00;0.33;57.15
P02;Villamuriel de Cerrato;2002-01-07;0630;0.00;-2.49;92.40;0.00;0.37;58.24
P02;Villamuriel de Cerrato;2002-01-07;0700;0.00;-2.44;93.30;0.00;0.50;99.50
P02;Villamuriel de Cerrato;2002-01-07;0730;0.00;-2.73;92.90;2.20;0.37;185.20
P02;Villamuriel de Cerrato;2002-01-07;0800;0.00;-2.95;93.60;11.56;0.33;226.10
P02;Villamuriel de Cerrato;2002-01-07;0830;0.00;-2.35;94.10;104.10;0.39;253.80
P02;Villamuriel de Cerrato;2002-01-07;0900;0.00;-0.69;90.40;200.30;1.38;82.50
P02;Villamuriel de Cerrato;2002-01-07;0930;0.00;-0.24;89.10;232.90;1.26;102.40
P02;Villamuriel de Cerrato;2002-01-07;1000;0.00;1.15;85.90;324.60;1.21;73.90
P02;Villamuriel de Cerrato;2002-01-07;1030;0.20;1.17;85.40;227.90;1.38;54.80
P02;Villamuriel de Cerrato;2002-01-07;1100;0.00;1.83;83.90;360.10;1.08;51.99
P02;Villamuriel de Cerrato;2002-01-07;1130;0.00;2.67;79.90;466.50;1.36;13.67
P02;Villamuriel de Cerrato;2002-01-07;1200;0.00;3.76;77.10;410.90;0.79;38.67
P02;Villamuriel de Cerrato;2002-01-07;1230;0.00;4.60;72.30;442.70;0.86;18.56
P02;Villamuriel de Cerrato;2002-01-07;1300;0.00;5.48;68.11;391.60;0.60;357.80
P02;Villamuriel de Cerrato;2002-01-07;1330;0.00;6.03;66.52;359.10;0.54;273.00
P02;Villamuriel de Cerrato;2002-01-07;1400;0.00;7.12;62.53;418.60;0.64;343.50
P02;Villamuriel de Cerrato;2002-01-07;1430;0.00;6.91;61.19;221.20;1.41;16.57
P02;Villamuriel de Cerrato;2002-01-07;1500;0.00;6.89;62.64;249.60;1.43;22.93
P02;Villamuriel de Cerrato;2002-01-07;1530;0.00;6.22;66.50;97.70;2.02;26.10
P02;Villamuriel de Cerrato;2002-01-07;1600;0.00;5.31;71.90;55.69;1.46;42.70
P02;Villamuriel de Cerrato;2002-01-07;1630;0.00;4.47;73.20;22.40;0.72;77.10
P02;Villamuriel de Cerrato;2002-01-07;1700;0.00;3.23;75.40;3.25;0.82;79.50
P02;Villamuriel de Cerrato;2002-01-07;1730;0.00;2.18;79.70;0.03;0.46;123.50
P02;Villamuriel de Cerrato;2002-01-07;1800;0.00;1.60;82.00;0.00;0.55;122.70
P02;Villamuriel de Cerrato;2002-01-07;1830;0.00;1.62;81.10;0.00;0.37;141.40
P02;Villamuriel de Cerrato;2002-01-07;1900;0.00;0.00;86.70;0.00;0.34;85.20
P02;Villamuriel de Cerrato;2002-01-07;1930;0.00;0.11;90.40;0.00;0.25;116.80
P02;Villamuriel de Cerrato;2002-01-07;2000;0.00;0.19;88.70;0.00;0.22;120.70
P02;Villamuriel de Cerrato;2002-01-07;2030;0.00;0.31;89.10;0.00;0.50;135.80
P02;Villamuriel de Cerrato;2002-01-07;2100;0.00;-0.63;89.20;0.00;0.29;75.60
P02;Villamuriel de Cerrato;2002-01-07;2130;0.00;-0.85;93.60;0.00;0.62;116.10
P02;Villamuriel de Cerrato;2002-01-07;2200;0.00;-1.21;92.30;0.00;0.43;41.04
P02;Villamuriel de Cerrato;2002-01-07;2230;0.00;-2.02;94.00;0.00;0.41;106.10
P02;Villamuriel de Cerrato;2002-01-07;2300;0.00;-1.36;94.30;0.00;0.42;70.50
P02;Villamuriel de Cerrato;2002-01-07;2330;0.00;-2.38;93.70;0.00;0.17;142.80
P02;Villamuriel de Cerrato;2002-01-07;2400;0.00;-2.51;94.40;0.00;0.28;107.10
P03;Fuentes de Nava;2002-01-07;0030;0.00;-0.51;93.00;0.00;0.44;42.89
P03;Fuentes de Nava;2002-01-07;0100;0.00;-0.86;93.80;0.00;0.14;155.00
P03;Fuentes de Nava;2002-01-07;0130;0.00;-0.95;94.10;0.00;0.18;58.13
P03;Fuentes de Nava;2002-01-07;0200;0.00;-1.15;94.20;0.00;0.18;40.99
P03;Fuentes de Nava;2002-01-07;0230;0.00;-1.30;94.50;0.00;0.20;43.75
P03;Fuentes de Nava;2002-01-07;0300;0.00;-1.28;94.60;0.00;0.77;149.80
P03;Fuentes de Nava;2002-01-07;0330;0.00;-1.61;94.50;0.00;0.62;96.40
P03;Fuentes de Nava;2002-01-07;0400;0.00;-1.46;94.60;0.00;0.17;70.20
P03;Fuentes de Nava;2002-01-07;0430;0.00;-1.62;94.40;0.00;0.18;162.70
P03;Fuentes de Nava;2002-01-07;0500;0.00;-2.10;94.40;0.00;0.31;190.90
P03;Fuentes de Nava;2002-01-07;0530;0.00;-2.51;94.60;0.00;0.11;56.86
P03;Fuentes de Nava;2002-01-07;0600;0.00;-2.83;95.00;0.00;0.25;104.90
P03;Fuentes de Nava;2002-01-07;0630;0.00;-2.23;95.20;0.00;0.72;110.70
P03;Fuentes de Nava;2002-01-07;0700;0.00;-2.28;94.30;0.00;0.19;122.50
P03;Fuentes de Nava;2002-01-07;0730;0.00;-2.59;94.50;1.80;0.19;189.80
P03;Fuentes de Nava;2002-01-07;0800;0.00;-2.71;94.80;26.34;0.34;136.30
P03;Fuentes de Nava;2002-01-07;0830;0.00;-1.52;93.50;94.50;0.55;92.20
P03;Fuentes de Nava;2002-01-07;0900;0.00;-0.65;91.50;204.90;0.77;68.17
P03;Fuentes de Nava;2002-01-07;0930;0.00;0.26;89.10;233.20;1.38;80.70
P03;Fuentes de Nava;2002-01-07;1000;0.00;0.63;87.10;180.70;1.07;78.40
P03;Fuentes de Nava;2002-01-07;1030;0.00;1.11;86.70;278.60;0.88;72.50
P03;Fuentes de Nava;2002-01-07;1100;0.20;2.09;81.60;354.00;0.63;94.90
P03;Fuentes de Nava;2002-01-07;1130;0.00;2.89;78.80;364.70;0.54;88.00
P03;Fuentes de Nava;2002-01-07;1200;0.00;3.15;78.80;290.30;0.69;47.40
P03;Fuentes de Nava;2002-01-07;1230;0.00;3.68;79.10;403.30;0.69;75.50
P03;Fuentes de Nava;2002-01-07;1300;0.00;4.74;75.50;425.80;0.46;33.69
P03;Fuentes de Nava;2002-01-07;1330;0.00;5.34;74.60;384.40;0.59;15.36
P03;Fuentes de Nava;2002-01-07;1400;0.00;5.40;73.20;180.50;1.07;345.10
P03;Fuentes de Nava;2002-01-07;1430;0.00;5.13;71.70;156.10;0.64;336.10
P03;Fuentes de Nava;2002-01-07;1500;0.00;5.56;70.40;230.00;0.60;3.53
P03;Fuentes de Nava;2002-01-07;1530;0.00;5.66;70.60;132.70;0.59;61.33
P03;Fuentes de Nava;2002-01-07;1600;0.00;5.44;73.00;97.80;0.62;79.70
P03;Fuentes de Nava;2002-01-07;1630;0.00;4.95;78.30;26.98;0.64;131.20
P03;Fuentes de Nava;2002-01-07;1700;0.00;3.30;83.00;4.43;0.74;165.40
P03;Fuentes de Nava;2002-01-07;1730;0.00;2.00;86.10;0.09;0.60;172.70
P03;Fuentes de Nava;2002-01-07;1800;0.00;0.79;88.70;0.00;0.22;249.50
P03;Fuentes de Nava;2002-01-07;1830;0.00;-0.10;91.60;0.00;0.18;0.29
P03;Fuentes de Nava;2002-01-07;1900;0.00;-1.04;93.20;0.00;0.49;50.03
P03;Fuentes de Nava;2002-01-07;1930;0.00;-1.26;93.80;0.00;0.36;48.34
P03;Fuentes de Nava;2002-01-07;2000;0.00;-1.26;94.50;0.00;0.29;4.68
P03;Fuentes de Nava;2002-01-07;2030;0.00;-1.53;94.60;0.00;0.22;348.10
P03;Fuentes de Nava;2002-01-07;2100;0.00;-1.68;95.00;0.00;0.04;314.50
P03;Fuentes de Nava;2002-01-07;2130;0.00;-1.81;95.20;0.00;0.67;21.59
P03;Fuentes de Nava;2002-01-07;2200;0.00;-2.06;95.10;0.00;0.85;33.28
P03;Fuentes de Nava;2002-01-07;2230;0.00;-2.17;95.10;0.00;0.27;181.10
P03;Fuentes de Nava;2002-01-07;2300;0.00;-2.75;95.20;0.00;0.24;180.70
P03;Fuentes de Nava;2002-01-07;2330;0.00;-2.94;95.50;0.00;0.40;241.30
P03;Fuentes de Nava;2002-01-07;2400;0.00;-3.20;95.30;0.00;0.10;48.74
P04;Villoldo;2002-01-07;0030;0.00;-0.51;92.50;0.00;0.87;7.55
P04;Villoldo;2002-01-07;0100;0.00;-0.80;92.70;0.00;0.82;327.40
P04;Villoldo;2002-01-07;0130;0.00;-1.16;92.90;0.00;1.00;342.00
P04;Villoldo;2002-01-07;0200;0.00;-1.16;92.60;0.00;1.35;31.26
P04;Villoldo;2002-01-07;0230;0.00;-1.40;92.40;0.00;1.95;53.50
P04;Villoldo;2002-01-07;0300;0.00;-1.49;92.30;0.00;2.18;51.50
P04;Villoldo;2002-01-07;0330;0.00;-1.32;92.10;0.00;1.98;46.35
P04;Villoldo;2002-01-07;0400;0.00;-1.61;91.80;0.00;0.73;349.80
P04;Villoldo;2002-01-07;0430;0.00;-1.90;91.80;0.00;0.67;313.10
P04;Villoldo;2002-01-07;0500;0.00;-2.40;92.70;0.00;0.78;328.40
P04;Villoldo;2002-01-07;0530;0.00;-2.75;93.30;0.00;0.41;337.20
P04;Villoldo;2002-01-07;0600;0.00;-2.80;93.50;0.00;0.41;339.10
P04;Villoldo;2002-01-07;0630;0.00;-3.18;93.60;0.00;0.01;28.73
P04;Villoldo;2002-01-07;0700;0.00;-3.22;93.80;0.00;0.31;326.30
P04;Villoldo;2002-01-07;0730;0.00;-3.39;93.90;1.73;0.52;312.80
P04;Villoldo;2002-01-07;0800;0.00;-3.74;94.10;17.85;0.67;313.70
P04;Villoldo;2002-01-07;0830;0.00;-2.95;93.60;64.26;0.46;344.90
P04;Villoldo;2002-01-07;0900;0.00;-1.74;92.40;150.80;0.61;6.19
P04;Villoldo;2002-01-07;0930;0.00;-1.13;90.40;159.50;0.89;48.76
P04;Villoldo;2002-01-07;1000;0.00;-0.24;88.90;300.40;1.41;52.11
P04;Villoldo;2002-01-07;1030;0.00;0.68;85.90;324.60;0.72;63.18
P04;Villoldo;2002-01-07;1100;0.20;2.06;80.60;273.30;0.40;16.39
P04;Villoldo;2002-01-07;1130;0.00;1.93;82.30;356.20;0.81;39.81
P04;Villoldo;2002-01-07;1200;0.00;2.66;80.40;373.30;0.54;359.70
P04;Villoldo;2002-01-07;1230;0.00;3.13;78.40;296.60;0.42;27.24
P04;Villoldo;2002-01-07;1300;0.00;4.12;75.30;287.30;0.42;133.70
P04;Villoldo;2002-01-07;1330;0.00;4.75;72.40;355.50;0.47;135.70
P04;Villoldo;2002-01-07;1400;0.00;5.71;72.20;382.30;0.71;103.20
P04;Villoldo;2002-01-07;1430;0.00;5.15;69.94;169.20;0.51;329.90
P04;Villoldo;2002-01-07;1500;0.00;5.58;70.80;193.80;0.72;254.40
P04;Villoldo;2002-01-07;1530;0.00;5.71;70.40;116.10;0.45;217.70
P04;Villoldo;2002-01-07;1600;0.00;4.78;77.90;46.19;1.60;117.20
P04;Villoldo;2002-01-07;1630;0.00;3.12;84.00;13.60;1.21;139.00
P04;Villoldo;2002-01-07;1700;0.00;1.68;87.00;2.94;0.66;128.00
P04;Villoldo;2002-01-07;1730;0.00;0.64;89.50;0.02;0.32;135.00
P04;Villoldo;2002-01-07;1800;0.00;0.26;91.00;0.02;0.31;77.20
P04;Villoldo;2002-01-07;1830;0.00;-0.74;91.70;0.00;0.60;35.39
P04;Villoldo;2002-01-07;1900;0.00;-0.99;91.30;0.00;0.59;302.10
P04;Villoldo;2002-01-07;1930;0.00;-1.23;92.40;0.00;0.60;346.10
P04;Villoldo;2002-01-07;2000;0.00;-1.52;93.00;0.00;0.60;334.20
P04;Villoldo;2002-01-07;2030;0.00;-1.63;93.00;0.00;0.24;331.90
P04;Villoldo;2002-01-07;2100;0.00;-1.79;93.00;0.00;0.64;336.90
P04;Villoldo;2002-01-07;2130;0.00;-1.99;93.50;0.00;0.69;326.90
P04;Villoldo;2002-01-07;2200;0.00;-2.04;93.40;0.00;0.56;323.80
P04;Villoldo;2002-01-07;2230;0.00;-2.51;93.70;0.00;0.85;337.70
P04;Villoldo;2002-01-07;2300;0.00;-2.73;93.80;0.00;0.55;326.30
P04;Villoldo;2002-01-07;2330;0.00;-3.14;93.90;0.00;0.43;287.60
P04;Villoldo;2002-01-07;2400;0.00;-3.23;93.90;0.00;0.10;322.50
P05;Lantadilla;2002-01-07;0030;0.00;-1.13;94.80;0.00;0.49;330.90
P05;Lantadilla;2002-01-07;0100;0.00;-1.24;95.00;0.00;0.85;359.60
P05;Lantadilla;2002-01-07;0130;0.00;-1.15;94.60;0.00;0.61;6.02
P05;Lantadilla;2002-01-07;0200;0.00;-1.61;94.50;0.00;0.58;344.10
P05;Lantadilla;2002-01-07;0230;0.00;-1.81;95.00;0.00;0.08;277.20
P05;Lantadilla;2002-01-07;0300;0.00;-2.37;95.20;0.00;0.16;2.98
P05;Lantadilla;2002-01-07;0330;0.00;-2.45;95.50;0.00;0.37;10.97
P05;Lantadilla;2002-01-07;0400;0.00;-2.30;95.60;0.00;0.47;359.10
P05;Lantadilla;2002-01-07;0430;0.00;-2.39;95.30;0.00;0.25;14.02
P05;Lantadilla;2002-01-07;0500;0.00;-2.88;95.30;0.00;0.06;345.60
P05;Lantadilla;2002-01-07;0530;0.00;-2.92;95.40;0.00;0.54;25.90
P05;Lantadilla;2002-01-07;0600;0.00;-2.92;95.10;0.00;0.54;17.94
P05;Lantadilla;2002-01-07;0630;0.00;-3.10;95.00;0.00;0.45;353.50
P05;Lantadilla;2002-01-07;0700;0.00;-3.43;94.80;0.00;0.00;0.00
P05;Lantadilla;2002-01-07;0730;0.00;-3.85;94.70;2.42;0.02;337.80
P05;Lantadilla;2002-01-07;0800;0.00;-3.69;94.90;18.43;0.19;342.10
P05;Lantadilla;2002-01-07;0830;0.00;-2.20;94.50;57.00;0.00;0.00
P05;Lantadilla;2002-01-07;0900;0.00;-1.85;91.50;76.70;0.05;25.01
P05;Lantadilla;2002-01-07;0930;0.00;-1.65;92.60;194.00;0.62;21.63
P05;Lantadilla;2002-01-07;1000;0.00;-0.32;90.20;321.30;0.46;36.63
P05;Lantadilla;2002-01-07;1030;0.00;0.47;87.70;362.30;1.11;40.05
P05;Lantadilla;2002-01-07;1100;0.00;0.95;88.90;290.60;0.84;44.22
P05;Lantadilla;2002-01-07;1130;0.20;1.57;85.60;327.80;0.94;40.56
P05;Lantadilla;2002-01-07;1200;0.00;2.57;82.10;366.20;0.49;63.22
P05;Lantadilla;2002-01-07;1230;0.00;3.79;75.40;404.50;0.51;176.80
P05;Lantadilla;2002-01-07;1300;0.00;4.60;71.90;440.30;0.59;181.50
P05;Lantadilla;2002-01-07;1330;0.00;5.26;69.51;427.20;0.88;264.70
P05;Lantadilla;2002-01-07;1400;0.00;5.17;69.66;368.50;0.70;278.90
P05;Lantadilla;2002-01-07;1430;0.00;5.59;68.40;262.90;0.51;222.40
P05;Lantadilla;2002-01-07;1500;0.00;5.49;68.14;149.20;0.54;231.70
P05;Lantadilla;2002-01-07;1530;0.00;5.34;70.60;109.10;0.75;210.00
P05;Lantadilla;2002-01-07;1600;0.00;4.41;73.30;48.71;0.40;214.60
P05;Lantadilla;2002-01-07;1630;0.00;3.41;77.30;17.00;0.22;204.20
P05;Lantadilla;2002-01-07;1700;0.00;1.42;85.50;2.78;0.18;234.30
P05;Lantadilla;2002-01-07;1730;0.00;0.19;89.10;0.02;0.26;312.40
P05;Lantadilla;2002-01-07;1800;0.00;-0.32;91.90;0.00;0.28;224.30
P05;Lantadilla;2002-01-07;1830;0.00;-0.69;92.20;0.00;0.52;240.20
P05;Lantadilla;2002-01-07;1900;0.00;-0.38;93.40;0.00;0.35;251.20
P05;Lantadilla;2002-01-07;1930;0.00;-0.66;92.80;0.00;0.26;33.21
P05;Lantadilla;2002-01-07;2000;0.00;-1.36;93.60;0.00;0.00;11.82
P05;Lantadilla;2002-01-07;2030;0.00;-1.86;94.60;0.00;0.25;10.59
P05;Lantadilla;2002-01-07;2100;0.00;-1.77;95.40;0.00;0.34;346.00
P05;Lantadilla;2002-01-07;2130;0.00;-2.17;95.50;0.00;0.21;336.00
P05;Lantadilla;2002-01-07;2200;0.00;-2.25;95.80;0.00;0.39;335.30
P05;Lantadilla;2002-01-07;2230;0.00;-2.23;95.90;0.00;0.19;327.70
P05;Lantadilla;2002-01-07;2300;0.00;-2.30;96.00;0.00;0.21;321.80
P05;Lantadilla;2002-01-07;2330;0.00;-2.48;96.00;0.00;0.30;258.90
P05;Lantadilla;2002-01-07;2400;0.00;-2.63;95.90;0.00;1.02;245.00
P06;Herrera de Pisuerga;2002-01-07;0030;0.00;-1.63;95.70;0.00;0.93;9.51
P06;Herrera de Pisuerga;2002-01-07;0100;0.00;-1.63;95.80;0.00;1.19;0.05
P06;Herrera de Pisuerga;2002-01-07;0130;0.00;-1.72;95.50;0.00;1.08;11.01
P06;Herrera de Pisuerga;2002-01-07;0200;0.00;-1.77;95.50;0.00;0.77;2.49
P06;Herrera de Pisuerga;2002-01-07;0230;0.00;-2.10;95.50;0.00;0.84;16.34
P06;Herrera de Pisuerga;2002-01-07;0300;0.00;-2.33;95.40;0.00;0.93;17.26
P06;Herrera de Pisuerga;2002-01-07;0330;0.00;-2.33;95.40;0.00;0.99;13.47
P06;Herrera de Pisuerga;2002-01-07;0400;0.00;-2.44;95.10;0.00;0.58;354.60
P06;Herrera de Pisuerga;2002-01-07;0430;0.00;-2.85;95.20;0.00;0.91;2.91
P06;Herrera de Pisuerga;2002-01-07;0500;0.00;-3.23;95.10;0.00;1.02;4.88
P06;Herrera de Pisuerga;2002-01-07;0530;0.00;-3.16;95.20;0.00;0.51;358.50
P06;Herrera de Pisuerga;2002-01-07;0600;0.00;-3.48;95.10;0.00;0.41;5.05
P06;Herrera de Pisuerga;2002-01-07;0630;0.00;-3.81;95.20;0.00;0.69;351.70
P06;Herrera de Pisuerga;2002-01-07;0700;0.00;-3.92;95.00;0.00;0.51;20.34
P06;Herrera de Pisuerga;2002-01-07;0730;0.00;-3.94;95.10;1.63;1.08;6.36
P06;Herrera de Pisuerga;2002-01-07;0800;0.00;-3.65;94.70;22.40;1.02;8.24
P06;Herrera de Pisuerga;2002-01-07;0830;0.00;-3.09;93.60;32.51;0.94;2.27
P06;Herrera de Pisuerga;2002-01-07;0900;0.00;-2.81;93.30;112.60;0.78;5.35
P06;Herrera de Pisuerga;2002-01-07;0930;0.00;-1.60;91.60;274.80;1.01;352.40
P06;Herrera de Pisuerga;2002-01-07;1000;0.00;-0.66;89.90;262.90;0.81;340.20
P06;Herrera de Pisuerga;2002-01-07;1030;0.00;0.15;88.70;292.40;0.78;327.30
P06;Herrera de Pisuerga;2002-01-07;1100;0.20;0.82;87.00;306.40;0.89;330.60
P06;Herrera de Pisuerga;2002-01-07;1130;0.00;2.20;85.50;331.40;0.49;291.90
P06;Herrera de Pisuerga;2002-01-07;1200;0.00;4.10;77.30;386.00;0.41;221.80
P06;Herrera de Pisuerga;2002-01-07;1230;0.00;4.28;73.40;396.10;0.96;184.40
P06;Herrera de Pisuerga;2002-01-07;1300;0.00;5.13;72.70;449.00;1.13;168.80
P06;Herrera de Pisuerga;2002-01-07;1330;0.00;5.60;70.20;449.50;1.35;167.70
P06;Herrera de Pisuerga;2002-01-07;1400;0.00;5.56;70.90;280.40;1.26;174.70
P06;Herrera de Pisuerga;2002-01-07;1430;0.00;5.61;68.25;165.90;1.08;140.10
P06;Herrera de Pisuerga;2002-01-07;1500;0.00;5.53;69.90;219.40;1.69;149.40
P06;Herrera de Pisuerga;2002-01-07;1530;0.00;5.23;73.00;148.40;1.86;144.20
P06;Herrera de Pisuerga;2002-01-07;1600;0.00;4.96;75.30;106.30;1.80;150.30
P06;Herrera de Pisuerga;2002-01-07;1630;0.00;4.19;78.60;22.98;1.00;146.40
P06;Herrera de Pisuerga;2002-01-07;1700;0.00;2.66;84.80;2.72;0.58;163.10
P06;Herrera de Pisuerga;2002-01-07;1730;0.00;1.38;89.00;0.00;0.01;195.20
P06;Herrera de Pisuerga;2002-01-07;1800;0.00;0.33;91.30;0.00;0.12;195.30
P06;Herrera de Pisuerga;2002-01-07;1830;0.00;-0.32;92.60;0.00;0.46;32.62
P06;Herrera de Pisuerga;2002-01-07;1900;0.00;-0.90;93.70;0.00;0.61;14.06
P06;Herrera de Pisuerga;2002-01-07;1930;0.00;-1.09;94.40;0.00;0.95;355.30
P06;Herrera de Pisuerga;2002-01-07;2000;0.00;-1.59;94.60;0.00;0.48;39.29
P06;Herrera de Pisuerga;2002-01-07;2030;0.00;-1.60;95.00;0.00;0.90;21.64
P06;Herrera de Pisuerga;2002-01-07;2100;0.00;-1.75;95.00;0.00;0.52;20.83
P06;Herrera de Pisuerga;2002-01-07;2130;0.00;-2.19;95.30;0.00;0.42;28.59
P06;Herrera de Pisuerga;2002-01-07;2200;0.00;-2.03;95.40;0.00;0.63;20.10
P06;Herrera de Pisuerga;2002-01-07;2230;0.00;-2.22;95.40;0.00;0.31;346.20
P06;Herrera de Pisuerga;2002-01-07;2300;0.00;-2.26;95.40;0.00;0.47;343.50
P06;Herrera de Pisuerga;2002-01-07;2330;0.00;-2.24;95.60;0.00;0.46;348.90
P06;Herrera de Pisuerga;2002-01-07;2400;0.00;-2.39;95.50;0.00;1.07;357.30
P07;Villaluenga de la Vega;2002-01-07;0800;0.20;-0.13;;39.70;1.25;2.92
P07;Villaluenga de la Vega;2002-01-07;0830;0.00;-2.38;92.80;65.16;1.23;1.16
P07;Villaluenga de la Vega;2002-01-07;0900;0.00;-1.44;92.00;135.70;1.20;1.77
P07;Villaluenga de la Vega;2002-01-07;0930;0.00;-0.55;90.70;202.00;0.92;359.40
P07;Villaluenga de la Vega;2002-01-07;1000;0.00;0.30;90.30;259.70;0.93;1.21
P07;Villaluenga de la Vega;2002-01-07;1030;0.00;1.35;87.60;320.40;0.83;355.50
P07;Villaluenga de la Vega;2002-01-07;1100;0.20;2.15;81.70;345.00;0.61;347.70
P07;Villaluenga de la Vega;2002-01-07;1130;0.00;3.04;78.90;402.20;0.57;345.40
P07;Villaluenga de la Vega;2002-01-07;1200;0.00;3.98;75.30;488.40;0.92;325.90
P07;Villaluenga de la Vega;2002-01-07;1230;0.00;4.57;72.80;341.50;1.26;348.80
P07;Villaluenga de la Vega;2002-01-07;1300;0.00;5.00;71.30;399.10;1.17;304.70
P07;Villaluenga de la Vega;2002-01-07;1330;0.00;5.43;68.15;203.20;1.11;307.90
P07;Villaluenga de la Vega;2002-01-07;1400;0.00;5.71;67.12;347.70;1.32;308.20
P07;Villaluenga de la Vega;2002-01-07;1430;0.00;5.94;66.61;280.30;2.35;318.80
P07;Villaluenga de la Vega;2002-01-07;1500;0.00;5.32;68.68;223.60;1.46;290.90
P07;Villaluenga de la Vega;2002-01-07;1530;0.00;5.68;66.35;188.70;1.08;278.50
SA01;Ciudad Rodrigo;2002-01-07;0030;0.00;0.58;100.00;0.00;0.18;162.20
SA01;Ciudad Rodrigo;2002-01-07;0100;0.00;0.12;100.00;0.00;0.07;158.80
SA01;Ciudad Rodrigo;2002-01-07;0130;0.00;0.48;100.00;0.00;0.36;117.20
SA01;Ciudad Rodrigo;2002-01-07;0200;0.00;0.55;100.00;0.00;0.52;117.20
SA01;Ciudad Rodrigo;2002-01-07;0230;0.00;0.66;100.00;0.00;0.53;125.80
SA01;Ciudad Rodrigo;2002-01-07;0300;0.00;0.41;100.00;0.00;0.22;76.80
SA01;Ciudad Rodrigo;2002-01-07;0330;0.00;0.18;99.90;0.00;0.56;127.30
SA01;Ciudad Rodrigo;2002-01-07;0400;0.00;-0.25;99.80;0.00;0.58;120.80
SA01;Ciudad Rodrigo;2002-01-07;0430;0.00;-0.46;100.00;0.00;0.82;135.40
SA01;Ciudad Rodrigo;2002-01-07;0500;0.00;-0.17;100.00;0.00;0.49;132.40
SA01;Ciudad Rodrigo;2002-01-07;0530;0.00;-0.15;100.00;0.00;0.37;112.00
SA01;Ciudad Rodrigo;2002-01-07;0600;0.00;0.03;100.00;0.00;0.34;62.30
SA01;Ciudad Rodrigo;2002-01-07;0630;0.00;-0.04;100.00;0.00;0.29;143.50
SA01;Ciudad Rodrigo;2002-01-07;0700;0.00;0.07;100.00;0.00;0.32;160.10
SA01;Ciudad Rodrigo;2002-01-07;0730;0.00;-0.05;100.00;1.42;0.33;105.60
SA01;Ciudad Rodrigo;2002-01-07;0800;0.00;-0.16;100.00;7.50;0.24;45.76
SA01;Ciudad Rodrigo;2002-01-07;0830;0.00;-0.00;100.00;23.85;0.48;237.10
SA01;Ciudad Rodrigo;2002-01-07;0900;0.00;0.09;100.00;41.50;0.59;223.70
SA01;Ciudad Rodrigo;2002-01-07;0930;0.00;0.09;100.00;65.31;0.53;204.10
SA01;Ciudad Rodrigo;2002-01-07;1000;0.00;0.36;100.00;80.30;0.28;245.10
SA01;Ciudad Rodrigo;2002-01-07;1030;0.00;0.85;100.00;99.80;0.57;45.08
SA01;Ciudad Rodrigo;2002-01-07;1100;0.00;1.30;100.00;132.90;0.58;20.78
SA01;Ciudad Rodrigo;2002-01-07;1130;0.00;1.61;100.00;160.90;0.45;349.30
SA01;Ciudad Rodrigo;2002-01-07;1200;0.00;2.06;100.00;192.80;0.38;349.00
SA01;Ciudad Rodrigo;2002-01-07;1230;0.00;2.49;100.00;255.40;0.66;347.70
SA01;Ciudad Rodrigo;2002-01-07;1300;0.00;3.78;100.00;372.40;0.65;296.30
SA01;Ciudad Rodrigo;2002-01-07;1330;0.00;5.00;95.10;409.70;0.74;354.30
SA01;Ciudad Rodrigo;2002-01-07;1400;0.00;6.39;82.10;373.90;0.87;348.60
SA01;Ciudad Rodrigo;2002-01-07;1430;0.00;7.90;70.30;327.80;0.92;332.70
SA01;Ciudad Rodrigo;2002-01-07;1500;0.00;8.81;64.90;273.40;0.65;312.40
SA01;Ciudad Rodrigo;2002-01-07;1530;0.00;8.78;64.31;205.30;0.77;4.14
SA01;Ciudad Rodrigo;2002-01-07;1600;0.00;8.69;64.56;125.70;0.56;307.50
SA01;Ciudad Rodrigo;2002-01-07;1630;0.00;8.04;68.37;42.81;0.41;301.30
SA01;Ciudad Rodrigo;2002-01-07;1700;0.00;6.16;75.20;5.27;0.11;298.60
SA01;Ciudad Rodrigo;2002-01-07;1730;0.00;3.88;83.20;0.12;0.23;202.70
SA01;Ciudad Rodrigo;2002-01-07;1800;0.00;2.24;90.20;0.00;0.26;190.00
SA01;Ciudad Rodrigo;2002-01-07;1830;0.00;1.58;92.60;0.00;0.16;174.30
SA01;Ciudad Rodrigo;2002-01-07;1900;0.00;1.07;96.40;0.00;0.20;131.00
SA01;Ciudad Rodrigo;2002-01-07;1930;0.00;0.30;98.70;0.00;0.22;115.10
SA01;Ciudad Rodrigo;2002-01-07;2000;0.00;-0.17;99.00;0.00;0.24;187.00
SA01;Ciudad Rodrigo;2002-01-07;2030;0.00;-0.91;99.90;0.00;0.10;200.70
SA01;Ciudad Rodrigo;2002-01-07;2100;0.00;-1.20;100.00;0.00;0.20;169.00
SA01;Ciudad Rodrigo;2002-01-07;2130;0.00;-1.42;100.00;0.00;0.16;138.30
SA01;Ciudad Rodrigo;2002-01-07;2200;0.00;-1.78;100.00;0.00;0.01;87.60
SA01;Ciudad Rodrigo;2002-01-07;2230;0.00;-1.82;100.00;0.00;0.14;66.04
SA01;Ciudad Rodrigo;2002-01-07;2300;0.00;-1.65;100.00;0.00;0.47;142.70
SA01;Ciudad Rodrigo;2002-01-07;2330;0.00;-2.54;100.00;0.00;0.08;23.07
SA01;Ciudad Rodrigo;2002-01-07;2400;0.00;-3.12;100.00;0.00;0.14;187.00
SA02;Aldearrubia;2002-01-07;0030;0.00;-0.15;87.20;0.04;0.54;197.20
SA02;Aldearrubia;2002-01-07;0100;0.00;-0.33;87.70;0.06;0.31;272.10
SA02;Aldearrubia;2002-01-07;0130;0.00;-1.46;89.20;0.04;0.16;221.20
SA02;Aldearrubia;2002-01-07;0200;0.00;-2.02;90.00;0.05;0.09;284.40
SA02;Aldearrubia;2002-01-07;0230;0.00;-2.76;91.70;0.03;0.10;191.10
SA02;Aldearrubia;2002-01-07;0300;0.00;-3.32;92.50;0.03;0.29;332.00
SA02;Aldearrubia;2002-01-07;0330;0.00;-3.58;92.90;0.02;0.49;321.90
SA02;Aldearrubia;2002-01-07;0400;0.00;-3.40;93.30;0.03;0.18;238.50
SA02;Aldearrubia;2002-01-07;0430;0.00;-3.84;93.70;0.02;0.13;212.00
SA02;Aldearrubia;2002-01-07;0500;0.00;-3.85;94.00;0.03;0.26;251.80
SA02;Aldearrubia;2002-01-07;0530;0.00;-4.71;93.80;0.04;0.16;321.50
SA02;Aldearrubia;2002-01-07;0600;0.00;-4.81;94.40;0.01;0.18;290.30
SA02;Aldearrubia;2002-01-07;0630;0.00;-2.68;95.20;0.03;0.50;117.30
SA02;Aldearrubia;2002-01-07;0700;0.00;-3.55;92.10;0.06;0.32;163.90
SA02;Aldearrubia;2002-01-07;0730;0.00;-4.45;93.80;2.25;0.18;339.70
SA02;Aldearrubia;2002-01-07;0800;0.00;-4.66;93.80;13.27;0.28;275.70
SA02;Aldearrubia;2002-01-07;0830;0.00;-3.08;94.40;23.17;0.48;258.20
SA02;Aldearrubia;2002-01-07;0900;0.00;-1.61;93.90;82.70;0.71;276.00
SA02;Aldearrubia;2002-01-07;0930;0.00;0.30;92.50;281.60;0.44;247.10
SA02;Aldearrubia;2002-01-07;1000;0.00;2.22;85.60;336.20;0.41;212.60
SA02;Aldearrubia;2002-01-07;1030;0.00;3.66;75.40;401.10;0.71;169.50
SA02;Aldearrubia;2002-01-07;1100;0.00;5.14;72.10;444.50;0.80;170.60
SA02;Aldearrubia;2002-01-07;1130;0.00;7.00;63.19;473.30;0.75;106.60
SA02;Aldearrubia;2002-01-07;1200;0.00;7.79;56.07;495.20;1.19;85.80
SA02;Aldearrubia;2002-01-07;1230;0.00;8.07;54.31;502.50;1.21;80.40
SA02;Aldearrubia;2002-01-07;1300;0.00;8.62;51.05;498.20;1.26;76.60
SA02;Aldearrubia;2002-01-07;1330;0.00;8.86;49.73;485.50;1.21;79.10
SA02;Aldearrubia;2002-01-07;1400;0.00;9.33;50.20;461.50;0.81;68.75
SA02;Aldearrubia;2002-01-07;1430;0.00;9.86;47.34;416.80;0.72;92.90
SA02;Aldearrubia;2002-01-07;1500;0.00;9.83;46.48;315.90;0.81;129.40
SA02;Aldearrubia;2002-01-07;1530;0.00;9.59;47.97;229.70;0.49;96.30
SA02;Aldearrubia;2002-01-07;1600;0.00;9.26;49.29;186.40;0.57;62.03
SA02;Aldearrubia;2002-01-07;1630;0.00;7.31;61.61;78.50;0.72;35.26
SA02;Aldearrubia;2002-01-07;1700;0.00;4.72;72.40;7.97;0.81;29.28
SA02;Aldearrubia;2002-01-07;1730;0.00;3.20;79.20;0.20;0.66;26.12
SA02;Aldearrubia;2002-01-07;1800;0.00;2.35;81.70;0.00;0.61;20.91
SA02;Aldearrubia;2002-01-07;1830;0.00;1.61;83.10;0.01;0.13;5.97
SA02;Aldearrubia;2002-01-07;1900;0.00;0.95;85.70;0.03;0.13;341.00
SA02;Aldearrubia;2002-01-07;1930;0.00;0.63;86.50;0.02;0.26;353.10
SA02;Aldearrubia;2002-01-07;2000;0.00;0.31;86.80;0.04;0.37;287.10
SA02;Aldearrubia;2002-01-07;2030;0.00;-0.59;89.10;0.04;0.28;252.30
SA02;Aldearrubia;2002-01-07;2100;0.00;-1.24;90.30;0.04;0.16;351.40
SA02;Aldearrubia;2002-01-07;2130;0.00;-2.39;91.30;0.03;0.06;62.16
SA02;Aldearrubia;2002-01-07;2200;0.00;-2.99;92.20;0.03;0.07;15.58
SA02;Aldearrubia;2002-01-07;2230;0.00;-3.27;93.10;0.05;0.23;275.00
SA02;Aldearrubia;2002-01-07;2300;0.00;-3.01;93.70;0.04;0.28;195.10
SA02;Aldearrubia;2002-01-07;2330;0.00;-4.11;93.60;0.03;0.00;106.10
SA02;Aldearrubia;2002-01-07;2400;0.00;-4.47;93.80;0.01;0.10;349.10
SG01;Gomezserracin;2002-01-07;0030;0.00;-2.91;96.20;0.00;0.01;49.20
SG01;Gomezserracin;2002-01-07;0100;0.00;-2.96;96.20;0.00;0.01;94.40
SG01;Gomezserracin;2002-01-07;0130;0.00;-3.48;96.70;0.00;0.01;110.80
SG01;Gomezserracin;2002-01-07;0200;0.00;-3.48;96.70;0.00;0.01;95.20
SG01;Gomezserracin;2002-01-07;0230;0.00;-3.64;96.60;0.00;0.01;94.70
SG01;Gomezserracin;2002-01-07;0300;0.00;-3.68;96.70;0.00;0.01;119.60
SG01;Gomezserracin;2002-01-07;0330;0.00;-3.95;96.20;0.00;0.01;102.40
SG01;Gomezserracin;2002-01-07;0400;0.00;-4.17;96.50;0.00;0.01;98.10
SG01;Gomezserracin;2002-01-07;0430;0.00;-4.29;96.20;0.00;0.01;79.00
SG01;Gomezserracin;2002-01-07;0500;0.00;-4.56;96.40;0.00;0.01;52.19
SG01;Gomezserracin;2002-01-07;0530;0.00;-5.23;95.80;0.00;0.01;82.20
SG01;Gomezserracin;2002-01-07;0600;0.00;-5.56;95.80;0.00;0.01;77.70
SG01;Gomezserracin;2002-01-07;0630;0.00;-5.23;96.00;0.00;0.01;64.29
SG01;Gomezserracin;2002-01-07;0700;0.00;-5.54;95.30;0.00;0.01;63.63
SG01;Gomezserracin;2002-01-07;0730;0.00;-6.39;94.70;2.18;0.01;83.20
SG01;Gomezserracin;2002-01-07;0800;0.00;-6.40;95.30;20.89;0.01;75.70
SG01;Gomezserracin;2002-01-07;0830;0.00;-4.84;94.50;71.80;0.01;94.40
SG01;Gomezserracin;2002-01-07;0900;0.00;-2.15;91.30;167.90;0.01;23.14
SG01;Gomezserracin;2002-01-07;0930;0.00;1.01;82.30;277.80;0.01;41.56
SG01;Gomezserracin;2002-01-07;1000;0.00;0.94;83.70;331.10;0.01;351.20
SG01;Gomezserracin;2002-01-07;1030;0.20;2.03;82.30;380.70;0.01;325.50
SG01;Gomezserracin;2002-01-07;1100;0.00;3.43;76.60;428.70;0.01;350.90
SG01;Gomezserracin;2002-01-07;1130;0.00;4.52;72.50;481.80;0.01;314.30
SG01;Gomezserracin;2002-01-07;1200;0.00;5.12;71.00;544.90;0.01;296.30
SG01;Gomezserracin;2002-01-07;1230;0.00;5.84;67.05;497.20;0.01;277.90
SG01;Gomezserracin;2002-01-07;1300;0.00;6.63;63.58;467.00;0.01;301.20
SG01;Gomezserracin;2002-01-07;1330;0.00;6.78;59.91;408.70;0.01;321.30
SG01;Gomezserracin;2002-01-07;1400;0.00;6.94;57.35;365.70;0.01;335.70
SG01;Gomezserracin;2002-01-07;1430;0.00;7.46;53.75;348.30;0.01;330.90
SG01;Gomezserracin;2002-01-07;1500;0.00;7.61;53.78;292.00;0.01;287.40
SG01;Gomezserracin;2002-01-07;1530;0.00;7.39;56.82;212.90;0.01;344.70
SG01;Gomezserracin;2002-01-07;1600;0.00;7.65;55.73;117.30;0.01;319.30
SG01;Gomezserracin;2002-01-07;1630;0.00;6.75;60.52;53.09;0.01;231.00
SG01;Gomezserracin;2002-01-07;1700;0.00;4.02;75.90;6.76;0.01;83.30
SG01;Gomezserracin;2002-01-07;1730;0.00;2.76;81.80;0.13;0.01;48.43
SG01;Gomezserracin;2002-01-07;1800;0.00;2.30;81.80;0.00;0.01;58.10
SG01;Gomezserracin;2002-01-07;1830;0.00;1.20;85.40;0.00;0.01;70.70
SG01;Gomezserracin;2002-01-07;1900;0.00;-0.94;92.20;0.00;0.01;78.40
SG01;Gomezserracin;2002-01-07;1930;0.00;-1.21;90.90;0.00;0.01;109.80
SG01;Gomezserracin;2002-01-07;2000;0.00;-2.30;94.20;0.00;0.01;94.40
SG01;Gomezserracin;2002-01-07;2030;0.00;-2.44;95.30;0.00;0.01;69.04
SG01;Gomezserracin;2002-01-07;2100;0.00;-3.33;95.20;0.00;0.01;139.00
SG01;Gomezserracin;2002-01-07;2130;0.00;-3.66;95.80;0.00;0.01;116.60
SG01;Gomezserracin;2002-01-07;2200;0.00;-3.77;96.10;0.00;0.01;92.60
SG01;Gomezserracin;2002-01-07;2230;0.00;-4.35;96.00;0.00;0.01;127.90
SG01;Gomezserracin;2002-01-07;2300;0.00;-4.02;96.60;0.00;0.01;84.10
SG01;Gomezserracin;2002-01-07;2330;0.00;-4.35;96.20;0.00;0.01;87.20
SG01;Gomezserracin;2002-01-07;2400;0.00;-4.78;96.20;0.00;0.01;137.00
SG02;Nava de la Asuncion;2002-01-07;0030;0.00;-2.35;94.20;0.00;0.67;111.50
SG02;Nava de la Asuncion;2002-01-07;0100;0.00;-2.87;94.50;0.00;0.44;53.78
SG02;Nava de la Asuncion;2002-01-07;0130;0.00;-3.24;94.60;0.00;0.58;73.70
SG02;Nava de la Asuncion;2002-01-07;0200;0.00;-3.39;94.80;0.00;0.38;83.20
SG02;Nava de la Asuncion;2002-01-07;0230;0.00;-3.59;94.80;0.00;0.40;106.00
SG02;Nava de la Asuncion;2002-01-07;0300;0.00;-3.43;94.90;0.00;0.36;101.00
SG02;Nava de la Asuncion;2002-01-07;0330;0.00;-3.57;94.70;0.00;0.57;128.70
SG02;Nava de la Asuncion;2002-01-07;0400;0.00;-3.75;94.50;0.00;0.65;102.50
SG02;Nava de la Asuncion;2002-01-07;0430;0.00;-3.89;94.50;0.00;0.39;91.90
SG02;Nava de la Asuncion;2002-01-07;0500;0.00;-4.27;94.10;0.00;0.57;61.31
SG02;Nava de la Asuncion;2002-01-07;0530;0.00;-4.72;94.00;0.00;0.42;72.60
SG02;Nava de la Asuncion;2002-01-07;0600;0.00;-4.42;94.20;0.00;0.92;124.10
SG02;Nava de la Asuncion;2002-01-07;0630;0.00;-4.20;94.20;0.00;0.31;92.00
SG02;Nava de la Asuncion;2002-01-07;0700;0.00;-5.28;93.20;0.03;0.52;59.11
SG02;Nava de la Asuncion;2002-01-07;0730;0.00;-5.50;93.30;2.30;0.37;75.70
SG02;Nava de la Asuncion;2002-01-07;0800;0.00;-5.52;93.10;21.11;0.62;78.50
SG02;Nava de la Asuncion;2002-01-07;0830;0.00;-4.27;92.70;90.50;0.20;102.10
SG02;Nava de la Asuncion;2002-01-07;0900;0.00;-1.39;89.20;186.10;0.38;138.90
SG02;Nava de la Asuncion;2002-01-07;0930;0.00;1.36;81.20;266.80;0.16;134.10
SG02;Nava de la Asuncion;2002-01-07;1000;0.20;3.13;78.30;321.30;0.35;181.60
SG02;Nava de la Asuncion;2002-01-07;1030;0.00;4.01;77.10;383.60;0.40;317.00
SG02;Nava de la Asuncion;2002-01-07;1100;0.00;5.50;68.03;433.90;0.24;75.20
SG02;Nava de la Asuncion;2002-01-07;1130;0.00;6.54;63.63;464.40;0.47;236.50
SG02;Nava de la Asuncion;2002-01-07;1200;0.00;6.98;59.30;494.80;0.75;175.90
SG02;Nava de la Asuncion;2002-01-07;1230;0.00;7.38;58.97;523.60;0.71;147.30
SG02;Nava de la Asuncion;2002-01-07;1300;0.00;7.75;57.22;521.30;0.68;30.45
SG02;Nava de la Asuncion;2002-01-07;1330;0.00;8.25;54.81;457.90;0.59;59.59
SG02;Nava de la Asuncion;2002-01-07;1400;0.00;7.88;54.92;293.70;0.51;339.10
SG02;Nava de la Asuncion;2002-01-07;1430;0.00;7.63;55.68;234.30;0.97;312.30
SG02;Nava de la Asuncion;2002-01-07;1500;0.00;7.55;56.37;225.20;0.89;288.50
SG02;Nava de la Asuncion;2002-01-07;1530;0.00;7.28;59.47;149.50;1.28;319.70
SG02;Nava de la Asuncion;2002-01-07;1600;0.00;6.68;66.20;100.10;1.11;328.00
SG02;Nava de la Asuncion;2002-01-07;1630;0.00;6.08;69.94;69.51;1.02;344.50
SG02;Nava de la Asuncion;2002-01-07;1700;0.00;4.70;74.70;6.36;0.96;25.31
SG02;Nava de la Asuncion;2002-01-07;1730;0.00;2.40;82.70;0.06;0.62;46.66
SG02;Nava de la Asuncion;2002-01-07;1800;0.00;1.02;87.10;0.00;0.24;26.58
SG02;Nava de la Asuncion;2002-01-07;1830;0.00;0.45;90.20;0.00;0.29;111.20
SG02;Nava de la Asuncion;2002-01-07;1900;0.00;-0.49;91.60;0.00;0.61;133.70
SG02;Nava de la Asuncion;2002-01-07;1930;0.00;-0.98;93.20;0.00;0.70;133.80
SG02;Nava de la Asuncion;2002-01-07;2000;0.00;-1.45;94.00;0.00;0.70;116.00
SG02;Nava de la Asuncion;2002-01-07;2030;0.00;-2.08;94.10;0.00;0.21;90.00
SG02;Nava de la Asuncion;2002-01-07;2100;0.00;-2.48;94.60;0.00;0.06;85.10
SG02;Nava de la Asuncion;2002-01-07;2130;0.00;-2.39;95.00;0.00;0.41;115.60
SG02;Nava de la Asuncion;2002-01-07;2200;0.00;-2.98;94.80;0.00;0.44;67.97
SG02;Nava de la Asuncion;2002-01-07;2230;0.00;-3.44;95.00;0.00;0.32;77.20
SG02;Nava de la Asuncion;2002-01-07;2300;0.00;-3.73;95.20;0.00;0.25;88.80
SG02;Nava de la Asuncion;2002-01-07;2330;0.00;-4.11;95.10;0.00;0.44;100.80
SG02;Nava de la Asuncion;2002-01-07;2400;0.00;-4.47;94.80;0.00;0.24;32.03
SO01;Almazan;2002-01-07;0030;0.00;-1.91;95.10;0.00;0.39;143.70
SO01;Almazan;2002-01-07;0100;0.00;-2.36;94.80;0.00;0.18;280.50
SO01;Almazan;2002-01-07;0130;0.00;-3.18;95.10;0.00;0.09;256.60
SO01;Almazan;2002-01-07;0200;0.00;-3.05;95.50;0.00;0.39;111.70
SO01;Almazan;2002-01-07;0230;0.00;-2.85;95.50;0.00;0.28;142.40
SO01;Almazan;2002-01-07;0300;0.00;-3.79;95.30;0.00;0.47;253.60
SO01;Almazan;2002-01-07;0330;0.00;-4.08;95.30;0.00;0.21;190.90
SO01;Almazan;2002-01-07;0400;0.00;-4.10;95.50;0.00;0.24;128.60
SO01;Almazan;2002-01-07;0430;0.00;-4.12;95.60;0.00;0.85;135.50
SO01;Almazan;2002-01-07;0500;0.00;-3.72;95.90;0.00;0.62;114.60
SO01;Almazan;2002-01-07;0530;0.00;-3.56;95.70;0.00;0.49;141.50
SO01;Almazan;2002-01-07;0600;0.00;-3.93;95.50;0.00;0.12;159.10
SO01;Almazan;2002-01-07;0630;0.00;-4.67;95.00;0.00;0.59;169.40
SO01;Almazan;2002-01-07;0700;0.00;-5.05;94.50;0.00;0.46;137.70
SO01;Almazan;2002-01-07;0730;0.00;-5.43;94.30;2.43;0.15;16.09
SO01;Almazan;2002-01-07;0800;0.00;-5.24;94.50;22.92;0.22;187.20
SO01;Almazan;2002-01-07;0830;0.00;-4.00;95.00;73.40;0.00;0.00
SO01;Almazan;2002-01-07;0900;0.00;-3.26;95.30;193.40;0.03;282.40
SO01;Almazan;2002-01-07;0930;0.00;-0.98;95.70;278.90;0.08;247.70
SO01;Almazan;2002-01-07;1000;0.00;0.94;95.40;325.90;0.03;160.20
SO01;Almazan;2002-01-07;1030;0.00;1.80;94.10;378.20;0.22;18.47
SO01;Almazan;2002-01-07;1100;0.20;3.19;88.80;431.20;0.54;133.40
SO01;Almazan;2002-01-07;1130;0.00;4.63;75.00;459.30;1.79;182.20
SO01;Almazan;2002-01-07;1200;0.00;4.95;70.80;481.50;3.00;204.80
SO01;Almazan;2002-01-07;1230;0.00;5.50;69.05;466.00;3.35;215.60
SO01;Almazan;2002-01-07;1300;0.00;6.02;67.41;482.70;3.03;220.30
SO01;Almazan;2002-01-07;1330;0.00;6.60;63.25;459.60;2.91;223.80
SO01;Almazan;2002-01-07;1400;0.00;6.73;60.55;378.40;2.72;228.60
SO01;Almazan;2002-01-07;1430;0.00;6.41;62.04;337.80;2.94;236.30
SO01;Almazan;2002-01-07;1500;0.00;6.21;63.43;237.80;2.57;228.70
SO01;Almazan;2002-01-07;1530;0.00;6.36;64.09;198.70;2.25;226.50
SO01;Almazan;2002-01-07;1600;0.00;5.85;65.73;121.60;1.80;224.40
SO01;Almazan;2002-01-07;1630;0.00;5.02;70.40;53.89;1.54;216.80
SO01;Almazan;2002-01-07;1700;0.00;3.40;76.10;7.20;1.33;208.30
SO01;Almazan;2002-01-07;1730;0.00;1.75;80.90;0.00;1.15;157.90
SO01;Almazan;2002-01-07;1800;0.00;0.89;84.20;0.00;0.96;116.90
SO01;Almazan;2002-01-07;1830;0.00;0.65;85.20;0.00;0.98;123.30
SO01;Almazan;2002-01-07;1900;0.00;0.50;86.00;0.00;1.21;120.20
SO01;Almazan;2002-01-07;1930;0.00;-0.22;88.00;0.00;0.98;144.40
SO01;Almazan;2002-01-07;2000;0.00;-0.55;88.40;0.00;0.44;116.60
SO01;Almazan;2002-01-07;2030;0.00;-1.06;90.20;0.00;0.27;15.12
SO01;Almazan;2002-01-07;2100;0.00;-1.53;91.40;0.00;0.51;168.80
SO01;Almazan;2002-01-07;2130;0.00;-1.67;91.80;0.00;0.91;140.70
SO01;Almazan;2002-01-07;2200;0.00;-1.82;92.50;0.00;1.25;127.70
SO01;Almazan;2002-01-07;2230;0.00;-1.66;92.40;0.00;1.67;118.60
SO01;Almazan;2002-01-07;2300;0.00;-1.31;91.10;0.00;1.16;113.60
SO01;Almazan;2002-01-07;2330;0.00;-1.64;89.70;0.00;0.88;115.80
SO01;Almazan;2002-01-07;2400;0.00;-2.03;90.70;0.00;0.71;197.30
SO02;San Esteban de Gormaz;2002-01-07;0030;0.00;-0.06;91.80;0.00;3.00;121.00
SO02;San Esteban de Gormaz;2002-01-07;0100;0.00;-0.45;92.30;0.00;2.07;119.20
SO02;San Esteban de Gormaz;2002-01-07;0130;0.00;-0.80;92.90;0.00;1.92;116.20
SO02;San Esteban de Gormaz;2002-01-07;0200;0.00;-1.30;93.00;0.00;0.91;131.30
SO02;San Esteban de Gormaz;2002-01-07;0230;0.00;-1.40;93.90;0.00;1.40;127.40
SO02;San Esteban de Gormaz;2002-01-07;0300;0.00;-1.31;94.10;0.00;1.96;120.30
SO02;San Esteban de Gormaz;2002-01-07;0330;0.00;-1.60;93.20;0.00;0.75;130.80
SO02;San Esteban de Gormaz;2002-01-07;0400;0.00;-2.20;94.00;0.00;0.48;136.70
SO02;San Esteban de Gormaz;2002-01-07;0430;0.00;-2.74;94.30;0.00;0.17;248.90
SO02;San Esteban de Gormaz;2002-01-07;0500;0.00;-2.91;94.60;0.00;0.15;90.90
SO02;San Esteban de Gormaz;2002-01-07;0530;0.00;-2.93;95.20;0.00;0.67;86.90
SO02;San Esteban de Gormaz;2002-01-07;0600;0.00;-3.05;95.00;0.00;0.29;68.99
SO02;San Esteban de Gormaz;2002-01-07;0630;0.00;-3.87;95.20;0.00;0.31;200.60
SO02;San Esteban de Gormaz;2002-01-07;0700;0.00;-4.05;95.50;0.00;0.38;161.10
SO02;San Esteban de Gormaz;2002-01-07;0730;0.00;-4.52;95.60;1.78;0.27;322.80
SO02;San Esteban de Gormaz;2002-01-07;0800;0.00;-4.90;95.70;23.53;0.53;250.20
SO02;San Esteban de Gormaz;2002-01-07;0830;0.00;-4.15;95.70;88.10;0.70;297.20
SO02;San Esteban de Gormaz;2002-01-07;0900;0.00;-3.21;94.80;184.50;0.51;279.70
SO02;San Esteban de Gormaz;2002-01-07;0930;0.00;-1.96;93.40;267.20;0.14;271.60
SO02;San Esteban de Gormaz;2002-01-07;1000;0.00;-0.54;89.70;318.90;0.33;286.50
SO02;San Esteban de Gormaz;2002-01-07;1030;0.00;0.80;85.80;374.70;0.78;140.90
SO02;San Esteban de Gormaz;2002-01-07;1100;0.20;1.67;80.40;432.70;1.57;102.00
SO02;San Esteban de Gormaz;2002-01-07;1130;0.00;2.56;76.40;483.00;1.53;126.00
SO02;San Esteban de Gormaz;2002-01-07;1200;0.00;3.70;72.80;524.90;1.50;111.80
SO02;San Esteban de Gormaz;2002-01-07;1230;0.00;4.88;67.44;565.20;1.13;118.90
SO02;San Esteban de Gormaz;2002-01-07;1300;0.00;5.90;59.55;425.50;0.56;190.10
SO02;San Esteban de Gormaz;2002-01-07;1330;0.00;6.05;59.97;387.90;0.53;9.43
SO02;San Esteban de Gormaz;2002-01-07;1400;0.00;6.28;58.77;417.30;0.68;303.30
SO02;San Esteban de Gormaz;2002-01-07;1430;0.00;6.50;57.26;341.60;0.73;272.20
SO02;San Esteban de Gormaz;2002-01-07;1500;0.00;7.19;53.16;320.00;1.25;270.10
SO02;San Esteban de Gormaz;2002-01-07;1530;0.00;7.16;52.54;193.90;1.21;257.40
SO02;San Esteban de Gormaz;2002-01-07;1600;0.00;6.87;57.00;141.10;1.23;248.20
SO02;San Esteban de Gormaz;2002-01-07;1630;0.00;6.64;61.43;54.95;0.77;255.70
SO02;San Esteban de Gormaz;2002-01-07;1700;0.00;4.11;72.80;6.71;0.86;242.70
SO02;San Esteban de Gormaz;2002-01-07;1730;0.00;1.98;80.50;0.01;0.62;288.10
SO02;San Esteban de Gormaz;2002-01-07;1800;0.00;1.03;83.60;0.00;0.63;299.70
SO02;San Esteban de Gormaz;2002-01-07;1830;0.00;0.26;85.30;0.00;0.49;302.30
SO02;San Esteban de Gormaz;2002-01-07;1900;0.00;-0.52;89.00;0.00;0.03;306.50
SO02;San Esteban de Gormaz;2002-01-07;1930;0.00;-0.85;91.50;0.00;0.15;226.00
SO02;San Esteban de Gormaz;2002-01-07;2000;0.00;-1.29;92.80;0.00;0.03;235.00
SO02;San Esteban de Gormaz;2002-01-07;2030;0.00;-1.59;93.90;0.00;0.00;0.00
SO02;San Esteban de Gormaz;2002-01-07;2100;0.00;-1.64;94.50;0.00;0.67;121.20
SO02;San Esteban de Gormaz;2002-01-07;2130;0.00;-1.64;94.90;0.00;0.76;123.90
SO02;San Esteban de Gormaz;2002-01-07;2200;0.00;-2.02;94.70;0.00;0.80;141.50
SO02;San Esteban de Gormaz;2002-01-07;2230;0.00;-2.11;94.50;0.00;0.66;121.50
SO02;San Esteban de Gormaz;2002-01-07;2300;0.00;-2.24;94.30;0.00;0.79;110.90
SO02;San Esteban de Gormaz;2002-01-07;2330;0.00;-2.44;94.40;0.00;0.58;183.20
SO02;San Esteban de Gormaz;2002-01-07;2400;0.00;-2.80;94.50;0.00;0.24;312.60
SO03;Fuentecantos;2002-01-07;0030;0.00;-3.20;96.50;0.00;0.61;302.40
SO03;Fuentecantos;2002-01-07;0100;0.00;-4.04;96.50;0.00;0.10;116.90
SO03;Fuentecantos;2002-01-07;0130;0.00;-4.00;96.60;0.00;0.14;164.60
SO03;Fuentecantos;2002-01-07;0200;0.00;-4.38;96.70;0.00;0.32;125.40
SO03;Fuentecantos;2002-01-07;0230;0.00;-4.71;96.50;0.01;0.10;85.30
SO03;Fuentecantos;2002-01-07;0300;0.00;-5.20;96.40;0.09;0.27;26.33
SO03;Fuentecantos;2002-01-07;0330;0.00;-5.17;96.60;0.00;0.23;128.40
SO03;Fuentecantos;2002-01-07;0400;0.00;-5.28;96.40;0.00;0.09;339.10
SO03;Fuentecantos;2002-01-07;0430;0.00;-5.12;96.90;0.00;0.48;183.20
SO03;Fuentecantos;2002-01-07;0500;0.00;-5.08;96.80;0.00;0.22;320.20
SO03;Fuentecantos;2002-01-07;0530;0.00;-5.46;96.80;0.00;0.17;8.21
SO03;Fuentecantos;2002-01-07;0600;0.00;-5.38;96.40;0.00;0.18;147.10
SO03;Fuentecantos;2002-01-07;0630;0.00;-6.03;96.30;0.00;0.51;103.50
SO03;Fuentecantos;2002-01-07;0700;0.00;-6.51;95.70;0.00;0.13;61.95
SO03;Fuentecantos;2002-01-07;0730;0.00;-6.78;95.40;1.92;0.16;67.32
SO03;Fuentecantos;2002-01-07;0800;0.00;-6.89;95.20;14.54;0.07;33.59
SO03;Fuentecantos;2002-01-07;0830;0.00;-6.59;95.40;47.52;0.39;78.40
SO03;Fuentecantos;2002-01-07;0900;0.00;-5.29;96.50;98.00;0.25;105.90
SO03;Fuentecantos;2002-01-07;0930;0.00;-3.34;96.80;184.50;0.10;36.58
SO03;Fuentecantos;2002-01-07;1000;0.00;-3.01;95.90;338.80;0.19;337.30
SO03;Fuentecantos;2002-01-07;1030;0.00;-1.14;96.50;375.00;0.21;141.70
SO03;Fuentecantos;2002-01-07;1100;0.00;0.63;92.70;406.00;0.16;127.80
SO03;Fuentecantos;2002-01-07;1130;0.00;2.56;80.60;454.10;0.21;87.20
SO03;Fuentecantos;2002-01-07;1200;0.20;3.53;75.90;465.10;0.45;229.10
SO03;Fuentecantos;2002-01-07;1230;0.00;4.11;73.90;422.80;0.61;130.70
SO03;Fuentecantos;2002-01-07;1300;0.00;5.06;69.99;442.30;0.48;103.60
SO03;Fuentecantos;2002-01-07;1330;0.00;5.26;69.05;303.70;0.43;116.40
SO03;Fuentecantos;2002-01-07;1400;0.00;5.59;68.35;241.40;0.45;151.60
SO03;Fuentecantos;2002-01-07;1430;0.00;5.42;69.64;280.80;0.54;111.60
SO03;Fuentecantos;2002-01-07;1500;0.00;5.65;69.97;233.80;0.86;126.00
SO03;Fuentecantos;2002-01-07;1530;0.00;5.45;69.68;156.20;1.23;151.30
SO03;Fuentecantos;2002-01-07;1600;0.00;5.02;72.90;91.30;0.74;110.80
SO03;Fuentecantos;2002-01-07;1630;0.00;4.37;78.10;45.96;0.45;105.00
SO03;Fuentecantos;2002-01-07;1700;0.00;2.77;84.60;7.63;0.33;104.30
SO03;Fuentecantos;2002-01-07;1730;0.00;0.79;89.80;0.14;0.30;64.44
SO03;Fuentecantos;2002-01-07;1800;0.00;-0.04;92.20;0.11;0.20;29.36
SO03;Fuentecantos;2002-01-07;1830;0.00;-0.85;93.00;0.01;0.01;302.30
SO03;Fuentecantos;2002-01-07;1900;0.00;-1.30;94.40;0.00;0.54;275.40
SO03;Fuentecantos;2002-01-07;1930;0.00;-1.11;95.50;0.00;0.19;205.60
SO03;Fuentecantos;2002-01-07;2000;0.00;-1.11;94.70;0.00;0.39;185.40
SO03;Fuentecantos;2002-01-07;2030;0.00;-1.53;95.20;0.00;0.42;210.40
SO03;Fuentecantos;2002-01-07;2100;0.00;-2.03;95.00;0.00;0.03;135.70
SO03;Fuentecantos;2002-01-07;2130;0.00;-2.71;95.50;0.04;0.12;88.50
SO03;Fuentecantos;2002-01-07;2200;0.00;-2.96;95.90;0.00;0.38;184.40
SO03;Fuentecantos;2002-01-07;2230;0.00;-3.82;96.40;0.02;0.05;77.60
SO03;Fuentecantos;2002-01-07;2300;0.00;-3.82;96.80;0.00;0.43;192.90
SO03;Fuentecantos;2002-01-07;2330;0.00;-3.89;96.60;0.00;0.25;247.00
SO03;Fuentecantos;2002-01-07;2400;0.00;-4.66;96.50;0.00;0.28;65.55
VA01;Mayorga;2002-01-07;0030;0.00;1.87;89.50;0.00;0.14;19.40
VA01;Mayorga;2002-01-07;0100;0.00;1.35;90.50;0.00;0.58;62.25
VA01;Mayorga;2002-01-07;0130;0.00;0.92;91.90;0.00;0.90;47.78
VA01;Mayorga;2002-01-07;0200;0.00;1.03;91.20;0.00;0.86;31.56
VA01;Mayorga;2002-01-07;0230;0.00;0.67;90.80;0.00;1.17;61.09
VA01;Mayorga;2002-01-07;0300;0.00;-0.16;91.20;0.00;0.83;45.66
VA01;Mayorga;2002-01-07;0330;0.00;-0.29;92.10;0.00;0.85;59.37
VA01;Mayorga;2002-01-07;0400;0.00;-0.49;92.30;0.00;0.68;77.60
VA01;Mayorga;2002-01-07;0430;0.00;-0.98;92.50;0.00;0.51;90.10
VA01;Mayorga;2002-01-07;0500;0.00;-1.44;93.00;0.00;0.08;88.30
VA01;Mayorga;2002-01-07;0530;0.00;-1.64;93.50;0.00;0.40;71.40
VA01;Mayorga;2002-01-07;0600;0.00;-1.81;93.90;0.00;0.29;53.41
VA01;Mayorga;2002-01-07;0630;0.00;-1.71;93.60;0.00;0.26;103.90
VA01;Mayorga;2002-01-07;0700;0.00;-1.88;93.50;0.00;0.35;101.50
VA01;Mayorga;2002-01-07;0730;0.00;-1.99;93.50;1.87;0.20;110.40
VA01;Mayorga;2002-01-07;0800;0.00;-2.06;93.30;22.47;0.48;84.10
VA01;Mayorga;2002-01-07;0830;0.00;-1.30;92.80;94.30;0.34;39.82
VA01;Mayorga;2002-01-07;0900;0.00;-0.39;91.10;192.80;0.81;21.06
VA01;Mayorga;2002-01-07;0930;0.00;0.62;87.70;189.20;0.84;22.15
VA01;Mayorga;2002-01-07;1000;0.00;1.04;86.90;300.40;0.85;1.14
VA01;Mayorga;2002-01-07;1030;0.00;2.03;82.80;333.60;1.01;24.31
VA01;Mayorga;2002-01-07;1100;0.00;2.57;81.50;266.00;0.78;1.31
VA01;Mayorga;2002-01-07;1130;0.00;3.66;77.80;457.30;0.68;38.14
VA01;Mayorga;2002-01-07;1200;0.00;4.87;74.90;437.00;0.71;284.50
VA01;Mayorga;2002-01-07;1230;0.00;5.59;71.50;347.00;0.58;10.06
VA01;Mayorga;2002-01-07;1300;0.00;5.92;69.13;364.90;0.60;302.60
VA01;Mayorga;2002-01-07;1330;0.00;6.09;66.59;284.80;0.70;228.80
VA01;Mayorga;2002-01-07;1400;0.00;6.40;65.46;287.70;1.09;303.40
VA01;Mayorga;2002-01-07;1430;0.00;6.62;65.47;353.70;1.03;292.10
VA01;Mayorga;2002-01-07;1500;0.00;6.80;64.00;229.60;0.85;33.09
VA01;Mayorga;2002-01-07;1530;0.00;6.66;64.34;152.50;0.75;266.20
VA01;Mayorga;2002-01-07;1600;0.00;5.87;65.19;55.30;0.22;347.00
VA01;Mayorga;2002-01-07;1630;0.00;5.16;71.00;22.66;0.31;150.80
VA01;Mayorga;2002-01-07;1700;0.00;3.21;81.80;4.70;1.03;144.50
VA01;Mayorga;2002-01-07;1730;0.00;1.53;86.30;0.14;1.19;113.90
VA01;Mayorga;2002-01-07;1800;0.00;1.79;84.70;0.00;0.60;154.70
VA01;Mayorga;2002-01-07;1830;0.00;0.78;88.10;0.00;0.21;137.10
VA01;Mayorga;2002-01-07;1900;0.00;0.17;89.90;0.00;0.33;25.38
VA01;Mayorga;2002-01-07;1930;0.00;-0.12;91.40;0.00;0.63;155.40
VA01;Mayorga;2002-01-07;2000;0.00;-0.50;91.60;0.00;0.06;231.90
VA01;Mayorga;2002-01-07;2030;0.00;-1.16;92.50;0.00;0.12;134.90
VA01;Mayorga;2002-01-07;2100;0.00;-1.35;93.20;0.00;0.30;62.92
VA01;Mayorga;2002-01-07;2130;0.00;-1.55;93.60;0.00;0.43;131.30
VA01;Mayorga;2002-01-07;2200;0.00;-1.90;94.00;0.00;0.00;83.50
VA01;Mayorga;2002-01-07;2230;0.00;-2.02;94.00;0.00;0.32;134.80
VA01;Mayorga;2002-01-07;2300;0.00;-2.17;94.20;0.00;0.11;128.50
VA01;Mayorga;2002-01-07;2330;0.00;-1.86;94.50;0.00;0.33;348.70
VA01;Mayorga;2002-01-07;2400;0.00;-1.99;94.40;0.00;0.94;55.95
VA02;Torrecilla de la Orden;2002-01-07;0030;0.00;2.69;80.70;0.00;3.57;102.40
VA02;Torrecilla de la Orden;2002-01-07;0100;0.00;2.21;82.80;0.00;3.31;105.40
VA02;Torrecilla de la Orden;2002-01-07;0130;0.00;1.94;83.50;0.00;2.97;109.80
VA02;Torrecilla de la Orden;2002-01-07;0200;0.00;1.53;84.80;0.00;2.72;110.60
VA02;Torrecilla de la Orden;2002-01-07;0230;0.00;1.08;85.90;0.00;1.99;105.70
VA02;Torrecilla de la Orden;2002-01-07;0300;0.00;0.18;89.10;0.00;1.07;92.40
VA02;Torrecilla de la Orden;2002-01-07;0330;0.00;-0.26;90.70;0.00;1.07;71.90
VA02;Torrecilla de la Orden;2002-01-07;0400;0.00;0.12;88.50;0.00;1.65;65.40
VA02;Torrecilla de la Orden;2002-01-07;0430;0.00;-0.55;90.00;0.00;1.44;51.11
VA02;Torrecilla de la Orden;2002-01-07;0500;0.00;-1.26;92.40;0.00;1.19;27.38
VA02;Torrecilla de la Orden;2002-01-07;0530;0.00;-1.85;94.20;0.00;1.33;42.40
VA02;Torrecilla de la Orden;2002-01-07;0600;0.00;-1.65;93.80;0.00;1.27;48.48
VA02;Torrecilla de la Orden;2002-01-07;0630;0.00;-1.21;92.10;0.00;1.81;76.80
VA02;Torrecilla de la Orden;2002-01-07;0700;0.00;-1.23;91.60;0.00;2.06;79.00
VA02;Torrecilla de la Orden;2002-01-07;0730;0.00;-0.74;89.30;2.56;2.22;81.80
VA02;Torrecilla de la Orden;2002-01-07;0800;0.00;-0.70;89.00;28.85;2.22;77.70
VA02;Torrecilla de la Orden;2002-01-07;0830;0.00;0.19;86.80;98.50;2.45;75.70
VA02;Torrecilla de la Orden;2002-01-07;0900;0.00;1.21;83.40;165.30;2.37;84.60
VA02;Torrecilla de la Orden;2002-01-07;0930;0.00;2.02;81.90;239.80;2.18;92.20
VA02;Torrecilla de la Orden;2002-01-07;1000;0.00;2.81;79.80;307.70;2.02;103.80
VA02;Torrecilla de la Orden;2002-01-07;1030;0.00;4.07;76.80;362.80;2.19;104.30
VA02;Torrecilla de la Orden;2002-01-07;1100;0.00;5.41;71.60;411.00;2.52;101.80
VA02;Torrecilla de la Orden;2002-01-07;1130;0.00;6.07;68.74;458.60;3.05;96.60
VA02;Torrecilla de la Orden;2002-01-07;1200;0.00;6.66;64.12;515.60;3.32;73.20
VA02;Torrecilla de la Orden;2002-01-07;1230;0.00;7.12;63.24;547.10;3.14;73.80
VA02;Torrecilla de la Orden;2002-01-07;1300;0.00;7.38;61.55;460.30;2.96;66.24
VA02;Torrecilla de la Orden;2002-01-07;1330;0.00;7.16;61.14;383.10;3.08;43.38
VA02;Torrecilla de la Orden;2002-01-07;1400;0.00;7.00;62.25;245.30;2.82;41.60
VA02;Torrecilla de la Orden;2002-01-07;1430;0.00;6.70;65.34;242.50;2.65;32.02
VA02;Torrecilla de la Orden;2002-01-07;1500;0.00;6.78;65.16;240.00;2.79;19.34
VA02;Torrecilla de la Orden;2002-01-07;1530;0.00;6.16;66.89;115.00;2.46;19.22
VA02;Torrecilla de la Orden;2002-01-07;1600;0.00;5.77;68.99;114.20;2.43;17.78
VA02;Torrecilla de la Orden;2002-01-07;1630;0.00;5.26;72.70;66.87;2.33;10.44
VA02;Torrecilla de la Orden;2002-01-07;1700;0.00;3.89;79.80;7.43;1.70;15.48
VA02;Torrecilla de la Orden;2002-01-07;1730;0.00;2.45;85.40;0.02;1.35;22.65
VA02;Torrecilla de la Orden;2002-01-07;1800;0.00;2.01;87.30;0.01;1.24;24.20
VA02;Torrecilla de la Orden;2002-01-07;1830;0.00;1.83;88.00;0.00;0.97;2.93
VA02;Torrecilla de la Orden;2002-01-07;1900;0.00;1.64;88.70;0.00;0.67;349.80
VA02;Torrecilla de la Orden;2002-01-07;1930;0.00;1.60;88.30;0.00;0.34;331.30
VA02;Torrecilla de la Orden;2002-01-07;2000;0.00;1.23;89.00;0.00;0.45;310.10
VA02;Torrecilla de la Orden;2002-01-07;2030;0.00;1.27;89.20;0.00;0.13;337.10
VA02;Torrecilla de la Orden;2002-01-07;2100;0.00;1.05;90.20;0.00;0.73;336.40
VA02;Torrecilla de la Orden;2002-01-07;2130;0.00;0.85;91.80;0.00;0.53;332.70
VA02;Torrecilla de la Orden;2002-01-07;2200;0.00;0.23;92.90;0.00;0.14;356.80
VA02;Torrecilla de la Orden;2002-01-07;2230;0.00;-0.28;94.30;0.00;0.14;170.60
VA02;Torrecilla de la Orden;2002-01-07;2300;0.00;-0.88;95.00;0.00;0.25;191.30
VA02;Torrecilla de la Orden;2002-01-07;2330;0.00;-1.01;95.70;0.00;0.00;0.00
VA02;Torrecilla de la Orden;2002-01-07;2400;0.00;-0.90;96.30;0.00;0.32;328.50
VA03;Olmedo;2002-01-07;0030;0.00;-0.80;88.30;0.00;2.54;137.00
VA03;Olmedo;2002-01-07;0100;0.00;-0.41;89.00;0.00;2.20;131.90
VA03;Olmedo;2002-01-07;0130;0.00;-0.10;90.20;0.00;0.23;355.60
VA03;Olmedo;2002-01-07;0200;0.00;-1.14;93.10;0.00;1.72;131.40
VA03;Olmedo;2002-01-07;0230;0.00;-1.29;94.90;0.00;0.97;119.90
VA03;Olmedo;2002-01-07;0300;0.00;-0.96;93.30;0.00;1.72;136.90
VA03;Olmedo;2002-01-07;0330;0.00;-1.96;94.00;0.00;0.51;111.20
VA03;Olmedo;2002-01-07;0400;0.00;-2.43;94.40;0.00;0.93;81.40
VA03;Olmedo;2002-01-07;0430;0.00;-2.63;95.30;0.00;0.23;230.50
VA03;Olmedo;2002-01-07;0500;0.00;-3.23;95.90;0.00;0.23;133.60
VA03;Olmedo;2002-01-07;0530;0.00;-3.18;95.80;0.00;0.63;94.70
VA03;Olmedo;2002-01-07;0600;0.00;-2.92;95.00;0.00;1.97;118.00
VA03;Olmedo;2002-01-07;0630;0.00;-3.67;94.10;0.00;0.27;208.80
VA03;Olmedo;2002-01-07;0700;0.00;-3.49;95.20;0.00;0.29;61.24
VA03;Olmedo;2002-01-07;0730;0.00;-4.18;94.70;2.31;0.36;132.20
VA03;Olmedo;2002-01-07;0800;0.00;-3.69;94.50;27.25;0.79;147.40
VA03;Olmedo;2002-01-07;0830;0.00;-2.67;92.40;102.10;0.98;87.80
VA03;Olmedo;2002-01-07;0900;0.00;-1.62;89.60;187.80;0.74;51.94
VA03;Olmedo;2002-01-07;0930;0.00;-0.82;88.10;250.70;0.89;51.49
VA03;Olmedo;2002-01-07;1000;0.00;0.22;87.80;301.80;1.12;36.03
VA03;Olmedo;2002-01-07;1030;0.00;1.48;84.80;352.80;1.47;28.07
VA03;Olmedo;2002-01-07;1100;0.00;3.09;78.10;416.80;0.68;61.41
VA03;Olmedo;2002-01-07;1130;0.00;5.09;70.60;488.50;0.81;73.00
VA03;Olmedo;2002-01-07;1200;0.00;6.55;62.68;554.70;0.92;304.20
VA03;Olmedo;2002-01-07;1230;0.00;7.19;60.37;440.30;1.32;321.10
VA03;Olmedo;2002-01-07;1300;0.00;6.99;58.70;301.20;1.51;331.60
VA03;Olmedo;2002-01-07;1330;0.00;6.86;58.08;340.60;1.83;346.30
VA03;Olmedo;2002-01-07;1400;0.00;7.46;55.60;316.30;1.15;312.10
VA03;Olmedo;2002-01-07;1430;0.00;7.35;55.01;291.30;1.24;336.80
VA03;Olmedo;2002-01-07;1500;0.00;7.46;53.05;279.60;1.15;330.30
VA03;Olmedo;2002-01-07;1530;0.00;7.46;53.23;172.60;1.32;3.07
VA03;Olmedo;2002-01-07;1600;0.00;6.99;55.93;88.00;1.36;359.60
VA03;Olmedo;2002-01-07;1630;0.00;5.76;62.16;45.85;1.15;6.10
VA03;Olmedo;2002-01-07;1700;0.00;4.50;72.90;8.83;1.30;40.56
VA03;Olmedo;2002-01-07;1730;0.00;3.26;75.40;0.17;1.42;40.39
VA03;Olmedo;2002-01-07;1800;0.00;2.38;79.00;0.00;1.54;37.02
VA03;Olmedo;2002-01-07;1830;0.00;1.55;81.30;0.00;1.04;18.09
VA03;Olmedo;2002-01-07;1900;0.00;0.87;83.30;0.00;0.65;54.06
VA03;Olmedo;2002-01-07;1930;0.00;1.17;82.80;0.00;1.29;139.20
VA03;Olmedo;2002-01-07;2000;0.00;0.50;84.70;0.00;1.00;118.80
VA03;Olmedo;2002-01-07;2030;0.00;-0.03;86.70;0.00;1.11;129.90
VA03;Olmedo;2002-01-07;2100;0.00;-1.56;89.60;0.00;0.31;16.35
VA03;Olmedo;2002-01-07;2130;0.00;-1.36;92.20;0.00;1.17;147.20
VA03;Olmedo;2002-01-07;2200;0.00;-1.56;92.20;0.00;0.43;37.59
VA03;Olmedo;2002-01-07;2230;0.00;-1.47;92.90;0.00;1.39;148.30
VA03;Olmedo;2002-01-07;2300;0.00;-1.83;92.60;0.00;1.21;103.20
VA03;Olmedo;2002-01-07;2330;0.00;-2.23;93.40;0.00;1.46;157.60
VA03;Olmedo;2002-01-07;2400;0.00;-2.65;93.50;0.00;1.74;143.70
VA04;Valladolid;2002-01-07;0030;0.00;1.16;89.40;0.00;0.95;351.90
VA04;Valladolid;2002-01-07;0100;0.00;0.49;90.90;0.00;0.55;14.72
VA04;Valladolid;2002-01-07;0130;0.00;-0.01;92.10;0.00;0.75;4.89
VA04;Valladolid;2002-01-07;0200;0.00;-0.23;93.10;0.00;0.75;359.80
VA04;Valladolid;2002-01-07;0230;0.00;-0.38;93.20;0.00;1.10;12.75
VA04;Valladolid;2002-01-07;0300;0.00;-0.29;92.70;0.00;1.39;4.69
VA04;Valladolid;2002-01-07;0330;0.00;-0.45;92.60;0.00;1.17;3.47
VA04;Valladolid;2002-01-07;0400;0.00;-0.63;92.80;0.00;1.51;24.98
VA04;Valladolid;2002-01-07;0430;0.00;-0.78;92.60;0.00;1.25;10.50
VA04;Valladolid;2002-01-07;0500;0.00;-1.05;93.10;0.00;1.03;21.75
VA04;Valladolid;2002-01-07;0530;0.00;-1.36;93.60;0.00;1.21;356.70
VA04;Valladolid;2002-01-07;0600;0.00;-1.31;93.60;0.00;1.44;11.59
VA04;Valladolid;2002-01-07;0630;0.00;-1.62;93.70;0.00;1.23;19.36
VA04;Valladolid;2002-01-07;0700;0.00;-1.87;93.90;0.00;0.98;11.36
VA04;Valladolid;2002-01-07;0730;0.00;-2.18;94.10;1.66;0.96;358.50
VA04;Valladolid;2002-01-07;0800;0.00;-2.22;94.20;20.13;0.97;9.36
VA04;Valladolid;2002-01-07;0830;0.00;-1.62;93.70;86.30;1.35;19.93
VA04;Valladolid;2002-01-07;0900;0.00;-1.00;92.40;182.00;1.48;28.24
VA04;Valladolid;2002-01-07;0930;0.00;-0.36;90.50;237.60;1.77;50.67
VA04;Valladolid;2002-01-07;1000;0.00;0.33;88.50;300.60;0.91;61.42
VA04;Valladolid;2002-01-07;1030;0.20;2.28;81.60;406.50;0.66;79.40
VA04;Valladolid;2002-01-07;1100;0.00;3.11;78.50;353.40;0.65;83.40
VA04;Valladolid;2002-01-07;1130;0.00;3.43;78.50;286.90;0.64;73.60
VA04;Valladolid;2002-01-07;1200;0.00;4.01;77.20;325.10;0.63;52.21
VA04;Valladolid;2002-01-07;1230;0.00;4.53;76.30;420.60;0.69;74.90
VA04;Valladolid;2002-01-07;1300;0.00;5.43;74.00;385.30;0.75;20.26
VA04;Valladolid;2002-01-07;1330;0.00;6.14;69.28;350.10;0.86;73.90
VA04;Valladolid;2002-01-07;1400;0.00;6.36;67.58;352.80;1.24;54.81
VA04;Valladolid;2002-01-07;1430;0.00;6.98;64.98;375.60;1.59;46.43
VA04;Valladolid;2002-01-07;1500;0.00;7.32;66.25;298.90;2.06;44.82
VA04;Valladolid;2002-01-07;1530;0.00;7.08;64.64;200.90;2.28;56.30
VA04;Valladolid;2002-01-07;1600;0.00;6.98;68.56;155.20;2.18;55.86
VA04;Valladolid;2002-01-07;1630;0.00;6.56;69.54;57.18;1.67;57.43
VA04;Valladolid;2002-01-07;1700;0.00;5.36;74.10;5.79;1.51;23.49
VA04;Valladolid;2002-01-07;1730;0.00;3.69;80.20;0.06;1.13;338.70
VA04;Valladolid;2002-01-07;1800;0.00;2.92;82.80;0.00;1.20;36.39
VA04;Valladolid;2002-01-07;1830;0.00;2.12;84.50;0.00;1.30;1.09
VA04;Valladolid;2002-01-07;1900;0.00;1.27;87.60;0.00;1.16;5.78
VA04;Valladolid;2002-01-07;1930;0.00;0.89;89.20;0.00;1.04;14.49
VA04;Valladolid;2002-01-07;2000;0.00;0.87;88.40;0.00;0.59;336.90
VA04;Valladolid;2002-01-07;2030;0.00;0.19;90.30;0.00;0.52;204.40
VA04;Valladolid;2002-01-07;2100;0.00;-0.39;93.00;0.00;0.63;11.54
VA04;Valladolid;2002-01-07;2130;0.00;-0.43;93.90;0.00;0.69;33.82
VA04;Valladolid;2002-01-07;2200;0.00;-0.89;94.70;0.00;0.93;356.60
VA04;Valladolid;2002-01-07;2230;0.00;-0.65;94.10;0.00;1.23;10.72
VA04;Valladolid;2002-01-07;2300;0.00;-0.94;93.80;0.00;1.00;28.28
VA04;Valladolid;2002-01-07;2330;0.00;-1.34;94.20;0.00;0.85;22.77
VA04;Valladolid;2002-01-07;2400;0.00;-1.47;94.10;0.00;1.06;18.59
VA05;Encinas de Esgueva;2002-01-07;0030;0.00;-1.72;92.30;0.00;0.51;64.76
VA05;Encinas de Esgueva;2002-01-07;0100;0.00;-1.90;92.00;0.00;0.23;62.87
VA05;Encinas de Esgueva;2002-01-07;0130;0.00;-1.85;93.50;0.00;0.58;28.70
VA05;Encinas de Esgueva;2002-01-07;0200;0.00;-1.98;92.20;0.00;0.29;42.24
VA05;Encinas de Esgueva;2002-01-07;0230;0.00;-1.83;93.00;0.00;0.49;62.64
VA05;Encinas de Esgueva;2002-01-07;0300;0.00;-2.65;92.80;0.00;0.37;57.63
VA05;Encinas de Esgueva;2002-01-07;0330;0.00;-2.56;93.70;0.00;0.38;48.26
VA05;Encinas de Esgueva;2002-01-07;0400;0.00;-2.85;93.60;0.00;0.41;35.24
VA05;Encinas de Esgueva;2002-01-07;0430;0.00;-3.38;94.10;0.00;0.36;54.98
VA05;Encinas de Esgueva;2002-01-07;0500;0.00;-3.10;94.50;0.00;0.50;52.96
VA05;Encinas de Esgueva;2002-01-07;0530;0.00;-3.59;93.90;0.00;0.42;53.54
VA05;Encinas de Esgueva;2002-01-07;0600;0.00;-4.28;94.20;0.00;0.21;27.40
VA05;Encinas de Esgueva;2002-01-07;0630;0.00;-4.16;94.60;0.00;0.20;31.72
VA05;Encinas de Esgueva;2002-01-07;0700;0.00;-3.91;94.90;0.00;0.59;73.50
VA05;Encinas de Esgueva;2002-01-07;0730;0.00;-3.41;95.10;1.31;0.60;70.60
VA05;Encinas de Esgueva;2002-01-07;0800;0.00;-4.00;94.20;9.85;0.64;72.10
VA05;Encinas de Esgueva;2002-01-07;0830;0.00;-4.05;94.40;36.69;0.58;41.99
VA05;Encinas de Esgueva;2002-01-07;0900;0.00;-2.68;94.60;98.60;0.27;66.48
VA05;Encinas de Esgueva;2002-01-07;0930;0.00;-0.66;92.90;213.20;0.37;80.50
VA05;Encinas de Esgueva;2002-01-07;1000;0.00;0.83;87.50;300.30;0.80;73.30
VA05;Encinas de Esgueva;2002-01-07;1030;0.20;1.87;83.80;406.60;1.18;88.60
VA05;Encinas de Esgueva;2002-01-07;1100;0.00;2.82;80.30;366.70;0.96;80.10
VA05;Encinas de Esgueva;2002-01-07;1130;0.00;3.56;78.30;419.00;0.79;40.74
VA05;Encinas de Esgueva;2002-01-07;1200;0.00;4.69;73.30;353.80;0.53;19.36
VA05;Encinas de Esgueva;2002-01-07;1230;0.00;5.04;71.10;364.00;0.38;327.80
VA05;Encinas de Esgueva;2002-01-07;1300;0.00;5.92;64.17;345.40;0.85;221.30
VA05;Encinas de Esgueva;2002-01-07;1330;0.00;5.77;67.14;282.60;0.95;232.70
VA05;Encinas de Esgueva;2002-01-07;1400;0.00;6.15;66.48;284.60;0.60;163.50
VA05;Encinas de Esgueva;2002-01-07;1430;0.00;6.57;65.47;306.80;0.58;57.63
VA05;Encinas de Esgueva;2002-01-07;1500;0.00;7.08;61.65;330.10;0.87;107.60
VA05;Encinas de Esgueva;2002-01-07;1530;0.00;6.90;62.09;199.70;0.71;95.30
VA05;Encinas de Esgueva;2002-01-07;1600;0.00;6.13;64.78;66.85;0.82;114.80
VA05;Encinas de Esgueva;2002-01-07;1630;0.00;4.89;67.39;39.45;0.69;94.30
VA05;Encinas de Esgueva;2002-01-07;1700;0.00;3.28;75.90;5.57;0.51;71.80
VA05;Encinas de Esgueva;2002-01-07;1730;0.00;1.80;82.10;0.11;0.41;135.20
VA05;Encinas de Esgueva;2002-01-07;1800;0.00;0.28;87.80;0.00;0.54;134.00
VA05;Encinas de Esgueva;2002-01-07;1830;0.00;-0.26;91.00;0.00;0.90;69.26
VA05;Encinas de Esgueva;2002-01-07;1900;0.00;-0.83;91.60;0.00;0.52;92.90
VA05;Encinas de Esgueva;2002-01-07;1930;0.00;-1.33;92.80;0.00;0.11;89.90
VA05;Encinas de Esgueva;2002-01-07;2000;0.00;-1.79;93.60;0.00;0.06;4.42
VA05;Encinas de Esgueva;2002-01-07;2030;0.00;-2.09;94.30;0.00;0.06;301.80
VA05;Encinas de Esgueva;2002-01-07;2100;0.00;-2.09;94.90;0.00;0.53;69.87
VA05;Encinas de Esgueva;2002-01-07;2130;0.00;-2.79;95.10;0.00;0.35;72.00
VA05;Encinas de Esgueva;2002-01-07;2200;0.00;-3.10;95.40;0.00;0.43;70.50
VA05;Encinas de Esgueva;2002-01-07;2230;0.00;-3.36;95.50;0.00;0.33;127.60
VA05;Encinas de Esgueva;2002-01-07;2300;0.00;-3.83;95.30;0.00;0.40;69.66
VA05;Encinas de Esgueva;2002-01-07;2330;0.00;-3.80;95.50;0.00;0.89;83.10
VA05;Encinas de Esgueva;2002-01-07;2400;0.00;-3.47;95.40;0.00;0.57;74.40
VA06;Tordesillas;2002-01-07;0030;0.00;0.85;92.70;0.00;1.26;75.10
VA06;Tordesillas;2002-01-07;0100;0.00;0.69;92.70;0.00;0.95;91.40
VA06;Tordesillas;2002-01-07;0130;0.00;-0.23;93.60;0.00;0.53;108.50
VA06;Tordesillas;2002-01-07;0200;0.00;-0.80;95.30;0.00;0.50;73.90
VA06;Tordesillas;2002-01-07;0230;0.00;-0.34;95.80;0.00;0.60;92.60
VA06;Tordesillas;2002-01-07;0300;0.00;-0.18;95.50;0.00;0.93;78.40
VA06;Tordesillas;2002-01-07;0330;0.00;-0.37;94.40;0.00;0.82;67.90
VA06;Tordesillas;2002-01-07;0400;0.00;-1.45;94.80;0.00;0.26;62.88
VA06;Tordesillas;2002-01-07;0430;0.00;-1.07;95.80;0.00;0.92;59.38
VA06;Tordesillas;2002-01-07;0500;0.00;-1.20;95.60;0.00;0.96;74.30
VA06;Tordesillas;2002-01-07;0530;0.00;-1.29;95.30;0.00;1.08;72.10
VA06;Tordesillas;2002-01-07;0600;0.00;-1.49;95.40;0.00;0.58;51.20
VA06;Tordesillas;2002-01-07;0630;0.00;-1.56;95.50;0.00;1.05;65.83
VA06;Tordesillas;2002-01-07;0700;0.00;-1.74;95.30;0.01;0.99;62.43
VA06;Tordesillas;2002-01-07;0730;0.00;-1.87;95.40;1.96;0.92;65.60
VA06;Tordesillas;2002-01-07;0800;0.00;-1.91;95.50;20.21;0.75;75.20
VA06;Tordesillas;2002-01-07;0830;0.00;-1.29;94.10;70.80;0.97;74.90
VA06;Tordesillas;2002-01-07;0900;0.00;-0.62;91.70;179.10;1.08;74.20
VA06;Tordesillas;2002-01-07;0930;0.00;0.20;90.30;267.50;1.37;66.50
VA06;Tordesillas;2002-01-07;1000;0.20;1.34;87.70;314.50;1.37;68.86
VA06;Tordesillas;2002-01-07;1030;0.00;2.54;84.10;373.20;1.16;75.70
VA06;Tordesillas;2002-01-07;1100;0.00;3.56;80.10;452.40;1.02;74.80
VA06;Tordesillas;2002-01-07;1130;0.00;4.42;76.50;320.30;0.85;50.58
VA06;Tordesillas;2002-01-07;1200;0.00;4.69;74.90;311.40;0.95;60.11
VA06;Tordesillas;2002-01-07;1230;0.00;5.18;72.20;291.00;0.83;65.87
VA06;Tordesillas;2002-01-07;1300;0.00;5.93;67.89;366.80;0.84;56.85
VA06;Tordesillas;2002-01-07;1330;0.00;6.46;65.87;391.50;0.92;50.84
VA06;Tordesillas;2002-01-07;1400;0.00;6.86;65.29;408.40;1.00;84.80
VA06;Tordesillas;2002-01-07;1430;0.00;7.37;66.04;288.00;0.73;42.93
VA06;Tordesillas;2002-01-07;1500;0.00;7.57;65.69;248.50;0.64;48.01
VA06;Tordesillas;2002-01-07;1530;0.00;7.28;66.44;100.00;0.81;69.35
VA06;Tordesillas;2002-01-07;1600;0.00;7.02;65.64;103.30;1.15;58.43
VA06;Tordesillas;2002-01-07;1630;0.00;6.88;65.59;61.24;0.46;84.90
VA06;Tordesillas;2002-01-07;1700;0.00;4.93;78.20;8.54;0.29;275.10
VA06;Tordesillas;2002-01-07;1730;0.00;3.13;85.70;0.09;0.33;288.70
VA06;Tordesillas;2002-01-07;1800;0.00;1.60;89.80;0.00;0.13;287.20
VA06;Tordesillas;2002-01-07;1830;0.00;0.18;93.10;0.00;0.19;209.10
VA06;Tordesillas;2002-01-07;1900;0.00;-0.63;95.00;0.00;0.32;188.40
VA06;Tordesillas;2002-01-07;1930;0.00;-0.09;96.10;0.00;0.09;120.50
VA06;Tordesillas;2002-01-07;2000;0.00;-1.77;95.40;0.00;0.18;218.10
VA06;Tordesillas;2002-01-07;2030;0.00;-1.41;96.70;0.00;0.12;207.80
VA06;Tordesillas;2002-01-07;2100;0.00;-2.50;96.60;0.00;0.26;235.80
VA06;Tordesillas;2002-01-07;2130;0.00;-2.70;97.00;0.00;0.20;269.20
VA06;Tordesillas;2002-01-07;2200;0.00;-2.85;97.00;0.00;0.14;301.20
VA06;Tordesillas;2002-01-07;2230;0.00;-3.01;96.80;0.00;0.20;302.70
VA06;Tordesillas;2002-01-07;2300;0.00;-3.63;96.90;0.00;0.05;250.20
VA06;Tordesillas;2002-01-07;2330;0.00;-4.05;97.00;0.00;0.01;250.50
VA06;Tordesillas;2002-01-07;2400;0.00;-4.05;97.10;0.00;0.06;264.60
VA07;Valbuena de Duero;2002-01-07;0030;0.00;-0.71;91.80;0.00;0.57;16.28
VA07;Valbuena de Duero;2002-01-07;0100;0.00;-1.09;93.70;0.00;0.75;7.04
VA07;Valbuena de Duero;2002-01-07;0130;0.00;-1.35;94.20;0.00;0.85;19.49
VA07;Valbuena de Duero;2002-01-07;0200;0.00;-1.78;93.90;0.00;0.21;1.36
VA07;Valbuena de Duero;2002-01-07;0230;0.00;-2.14;95.00;0.00;0.72;29.51
VA07;Valbuena de Duero;2002-01-07;0300;0.00;-2.12;95.50;0.00;0.32;47.36
VA07;Valbuena de Duero;2002-01-07;0330;0.00;-2.34;95.80;0.00;0.20;63.04
VA07;Valbuena de Duero;2002-01-07;0400;0.00;-2.70;96.20;0.00;0.11;35.85
VA07;Valbuena de Duero;2002-01-07;0430;0.00;-2.93;96.70;0.00;0.13;24.86
VA07;Valbuena de Duero;2002-01-07;0500;0.00;-2.90;97.00;0.00;0.54;48.79
VA07;Valbuena de Duero;2002-01-07;0530;0.00;-2.90;97.20;0.00;0.61;29.03
VA07;Valbuena de Duero;2002-01-07;0600;0.00;-3.35;96.70;0.00;0.17;36.74
VA07;Valbuena de Duero;2002-01-07;0630;0.00;-3.60;97.00;0.00;0.15;58.63
VA07;Valbuena de Duero;2002-01-07;0700;0.00;-3.55;97.40;0.01;0.28;52.83
VA07;Valbuena de Duero;2002-01-07;0730;0.00;-3.82;97.10;1.86;0.24;38.24
VA07;Valbuena de Duero;2002-01-07;0800;0.00;-3.75;97.40;17.00;0.14;68.08
VA07;Valbuena de Duero;2002-01-07;0830;0.00;-2.98;97.20;71.80;0.59;89.60
VA07;Valbuena de Duero;2002-01-07;0900;0.00;-2.25;95.60;157.20;0.92;97.00
VA07;Valbuena de Duero;2002-01-07;0930;0.00;-1.14;94.20;260.80;1.58;110.90
VA07;Valbuena de Duero;2002-01-07;1000;0.00;0.02;91.40;312.00;1.60;122.80
VA07;Valbuena de Duero;2002-01-07;1030;0.00;0.93;88.40;402.30;1.45;125.50
VA07;Valbuena de Duero;2002-01-07;1100;0.00;1.83;84.20;369.00;1.26;115.50
VA07;Valbuena de Duero;2002-01-07;1130;0.00;2.43;81.30;296.70;0.92;100.10
VA07;Valbuena de Duero;2002-01-07;1200;0.00;3.24;79.10;348.50;0.52;79.90
VA07;Valbuena de Duero;2002-01-07;1230;0.00;4.54;75.90;384.70;0.52;118.10
VA07;Valbuena de Duero;2002-01-07;1300;0.00;5.45;67.52;398.80;0.74;105.30
VA07;Valbuena de Duero;2002-01-07;1330;0.00;5.99;62.46;390.00;0.93;141.60
VA07;Valbuena de Duero;2002-01-07;1400;0.00;6.39;61.44;307.70;0.80;139.30
VA07;Valbuena de Duero;2002-01-07;1430;0.00;6.77;61.68;295.60;0.71;136.20
VA07;Valbuena de Duero;2002-01-07;1500;0.00;6.81;61.71;269.50;0.92;142.30
VA07;Valbuena de Duero;2002-01-07;1530;0.00;7.08;59.87;240.50;0.82;130.60
VA07;Valbuena de Duero;2002-01-07;1600;0.00;7.12;59.52;118.20;0.38;141.10
VA07;Valbuena de Duero;2002-01-07;1630;0.00;6.40;61.96;36.51;0.79;50.89
VA07;Valbuena de Duero;2002-01-07;1700;0.00;4.06;76.60;5.46;1.69;9.68
VA07;Valbuena de Duero;2002-01-07;1730;0.00;2.28;82.30;0.03;1.12;7.92
VA07;Valbuena de Duero;2002-01-07;1800;0.00;1.93;83.10;0.01;0.28;356.60
VA07;Valbuena de Duero;2002-01-07;1830;0.00;1.12;85.70;0.00;0.90;345.70
VA07;Valbuena de Duero;2002-01-07;1900;0.00;0.30;89.60;0.00;1.52;347.90
VA07;Valbuena de Duero;2002-01-07;1930;0.00;0.16;90.00;0.00;0.56;349.00
VA07;Valbuena de Duero;2002-01-07;2000;0.00;-0.47;91.40;0.00;0.11;333.40
VA07;Valbuena de Duero;2002-01-07;2030;0.00;-0.91;93.40;0.00;0.69;13.70
VA07;Valbuena de Duero;2002-01-07;2100;0.00;-0.87;92.60;0.00;0.39;72.60
VA07;Valbuena de Duero;2002-01-07;2130;0.00;-1.24;94.30;0.00;0.85;26.80
VA07;Valbuena de Duero;2002-01-07;2200;0.00;-1.83;94.40;0.00;0.57;87.30
VA07;Valbuena de Duero;2002-01-07;2230;0.00;-2.09;95.30;0.00;0.83;31.01
VA07;Valbuena de Duero;2002-01-07;2300;0.00;-1.92;95.60;0.00;0.70;45.22
VA07;Valbuena de Duero;2002-01-07;2330;0.00;-2.50;95.70;0.00;0.25;32.13
VA07;Valbuena de Duero;2002-01-07;2400;0.00;-2.75;96.20;0.00;0.12;89.50
ZA01;Colinas de Trasmonte;2002-01-07;0030;0.00;0.69;94.60;0.00;0.17;291.20
ZA01;Colinas de Trasmonte;2002-01-07;0100;0.00;0.31;94.90;0.00;0.14;236.90
ZA01;Colinas de Trasmonte;2002-01-07;0130;0.00;-0.00;95.20;0.00;0.46;293.40
ZA01;Colinas de Trasmonte;2002-01-07;0200;0.00;-0.43;95.50;0.00;0.47;261.70
ZA01;Colinas de Trasmonte;2002-01-07;0230;0.00;-1.07;95.80;0.00;0.21;252.10
ZA01;Colinas de Trasmonte;2002-01-07;0300;0.00;-1.21;96.00;0.00;0.28;234.60
ZA01;Colinas de Trasmonte;2002-01-07;0330;0.00;-1.59;96.10;0.00;0.06;166.70
ZA01;Colinas de Trasmonte;2002-01-07;0400;0.00;-2.12;96.20;0.00;0.10;139.20
ZA01;Colinas de Trasmonte;2002-01-07;0430;0.00;-2.31;96.30;0.00;0.31;167.10
ZA01;Colinas de Trasmonte;2002-01-07;0500;0.00;-2.73;96.50;0.00;0.25;138.80
ZA01;Colinas de Trasmonte;2002-01-07;0530;0.00;-2.51;96.60;0.00;0.30;77.30
ZA01;Colinas de Trasmonte;2002-01-07;0600;0.00;-2.56;96.70;0.00;0.05;118.60
ZA01;Colinas de Trasmonte;2002-01-07;0630;0.00;-2.92;96.70;0.00;0.16;310.80
ZA01;Colinas de Trasmonte;2002-01-07;0700;0.00;-3.17;96.70;0.00;0.48;281.80
ZA01;Colinas de Trasmonte;2002-01-07;0730;0.00;-3.47;96.60;1.55;0.21;173.60
ZA01;Colinas de Trasmonte;2002-01-07;0800;0.00;-3.58;96.20;14.19;0.34;238.60
ZA01;Colinas de Trasmonte;2002-01-07;0830;0.00;-3.42;96.10;43.32;0.80;300.80
ZA01;Colinas de Trasmonte;2002-01-07;0900;0.00;-2.93;96.20;95.20;0.67;306.20
ZA01;Colinas de Trasmonte;2002-01-07;0930;0.00;-2.15;96.20;152.40;0.65;327.20
ZA01;Colinas de Trasmonte;2002-01-07;1000;0.00;-1.69;96.20;209.20;0.53;312.20
ZA01;Colinas de Trasmonte;2002-01-07;1030;0.00;-0.98;96.30;209.00;1.11;297.70
ZA01;Colinas de Trasmonte;2002-01-07;1100;0.20;0.41;96.30;329.90;0.98;287.80
ZA01;Colinas de Trasmonte;2002-01-07;1130;0.00;2.59;95.80;269.90;0.38;256.30
ZA01;Colinas de Trasmonte;2002-01-07;1200;0.00;3.95;95.40;367.30;0.36;234.60
ZA01;Colinas de Trasmonte;2002-01-07;1230;0.00;5.50;89.90;337.70;0.37;281.70
ZA01;Colinas de Trasmonte;2002-01-07;1300;0.00;6.23;71.70;260.20;0.71;269.60
ZA01;Colinas de Trasmonte;2002-01-07;1330;0.00;6.03;69.58;306.00;0.85;305.90
ZA01;Colinas de Trasmonte;2002-01-07;1400;0.00;6.64;65.53;374.00;0.73;271.80
ZA01;Colinas de Trasmonte;2002-01-07;1430;0.00;7.76;60.71;355.60;0.92;221.60
ZA01;Colinas de Trasmonte;2002-01-07;1500;0.00;7.66;58.72;318.30;0.60;224.30
ZA01;Colinas de Trasmonte;2002-01-07;1530;0.00;7.98;56.76;235.70;0.53;142.70
ZA01;Colinas de Trasmonte;2002-01-07;1600;0.00;7.47;58.44;136.40;0.76;230.90
ZA01;Colinas de Trasmonte;2002-01-07;1630;0.00;7.08;59.75;34.36;0.27;114.30
ZA01;Colinas de Trasmonte;2002-01-07;1700;0.00;5.08;73.10;4.29;0.55;137.40
ZA01;Colinas de Trasmonte;2002-01-07;1730;0.00;3.45;80.90;0.03;0.32;100.70
ZA01;Colinas de Trasmonte;2002-01-07;1800;0.00;2.06;86.70;0.00;0.48;121.40
ZA01;Colinas de Trasmonte;2002-01-07;1830;0.00;1.51;88.80;0.00;0.66;105.40
ZA01;Colinas de Trasmonte;2002-01-07;1900;0.00;1.15;89.30;0.00;0.14;71.50
ZA01;Colinas de Trasmonte;2002-01-07;1930;0.00;-0.03;91.10;0.00;0.09;273.10
ZA01;Colinas de Trasmonte;2002-01-07;2000;0.00;-0.74;92.90;0.00;0.09;270.90
ZA01;Colinas de Trasmonte;2002-01-07;2030;0.00;-1.16;93.80;0.00;0.31;276.00
ZA01;Colinas de Trasmonte;2002-01-07;2100;0.00;-1.18;94.50;0.00;0.52;282.80
ZA01;Colinas de Trasmonte;2002-01-07;2130;0.00;-1.49;94.90;0.00;0.55;294.40
ZA01;Colinas de Trasmonte;2002-01-07;2200;0.00;-1.71;95.10;0.00;0.07;288.20
ZA01;Colinas de Trasmonte;2002-01-07;2230;0.00;-1.73;95.20;0.00;0.14;269.80
ZA01;Colinas de Trasmonte;2002-01-07;2300;0.00;-1.91;95.40;0.00;0.16;269.40
ZA01;Colinas de Trasmonte;2002-01-07;2330;0.00;-1.95;95.70;0.00;0.20;281.20
ZA01;Colinas de Trasmonte;2002-01-07;2400;0.00;-2.44;95.70;0.00;0.02;299.10
ZA02;Villaralbo;2002-01-07;0030;0.00;-0.66;95.10;0.00;1.60;55.08
ZA02;Villaralbo;2002-01-07;0100;0.00;-0.18;93.10;0.00;1.80;58.71
ZA02;Villaralbo;2002-01-07;0130;0.00;-0.04;91.50;0.00;0.55;50.46
ZA02;Villaralbo;2002-01-07;0200;0.00;-0.44;92.30;0.00;0.75;176.40
ZA02;Villaralbo;2002-01-07;0230;0.00;-1.37;93.80;0.00;0.42;202.30
ZA02;Villaralbo;2002-01-07;0300;0.00;-0.27;94.00;0.00;0.13;65.69
ZA02;Villaralbo;2002-01-07;0330;0.00;-0.04;92.80;0.00;0.43;90.90
ZA02;Villaralbo;2002-01-07;0400;0.00;-0.10;90.10;0.00;0.82;67.04
ZA02;Villaralbo;2002-01-07;0430;0.00;-1.53;92.40;0.00;0.17;207.40
ZA02;Villaralbo;2002-01-07;0500;0.00;-1.50;94.00;0.00;0.23;213.70
ZA02;Villaralbo;2002-01-07;0530;0.00;-1.52;94.80;0.00;0.60;209.20
ZA02;Villaralbo;2002-01-07;0600;0.00;-2.21;95.30;0.00;0.91;207.00
ZA02;Villaralbo;2002-01-07;0630;0.00;-1.99;96.40;0.00;0.43;149.30
ZA02;Villaralbo;2002-01-07;0700;0.00;-1.94;95.70;0.00;0.29;85.80
ZA02;Villaralbo;2002-01-07;0730;0.00;-2.62;97.10;1.83;0.43;94.60
ZA02;Villaralbo;2002-01-07;0800;0.00;-2.93;97.40;21.77;0.39;207.00
ZA02;Villaralbo;2002-01-07;0830;0.00;-2.65;97.60;97.40;0.30;204.30
ZA02;Villaralbo;2002-01-07;0900;0.00;-1.19;96.90;190.30;0.54;238.50
ZA02;Villaralbo;2002-01-07;0930;0.00;-0.10;96.60;244.30;0.48;245.40
ZA02;Villaralbo;2002-01-07;1000;0.00;1.49;94.70;292.00;0.60;344.40
ZA02;Villaralbo;2002-01-07;1030;0.00;2.59;90.00;348.40;1.39;22.80
ZA02;Villaralbo;2002-01-07;1100;0.00;3.73;84.20;416.40;1.68;19.23
ZA02;Villaralbo;2002-01-07;1130;0.00;5.01;77.90;516.20;1.10;343.80
ZA02;Villaralbo;2002-01-07;1200;0.00;6.26;69.61;558.90;1.20;22.20
ZA02;Villaralbo;2002-01-07;1230;0.00;6.81;65.39;362.50;1.05;19.82
ZA02;Villaralbo;2002-01-07;1300;0.00;6.58;73.60;302.30;1.52;331.00
ZA02;Villaralbo;2002-01-07;1330;0.00;6.65;73.50;297.60;1.81;1.54
ZA02;Villaralbo;2002-01-07;1400;0.00;6.96;67.42;351.10;1.54;358.00
ZA02;Villaralbo;2002-01-07;1430;0.00;7.30;65.08;294.90;1.64;18.09
ZA02;Villaralbo;2002-01-07;1500;0.00;6.94;65.02;219.00;1.28;34.60
ZA02;Villaralbo;2002-01-07;1530;0.00;7.05;65.05;202.50;1.13;31.22
ZA02;Villaralbo;2002-01-07;1600;0.00;6.89;66.90;127.80;1.04;357.70
ZA02;Villaralbo;2002-01-07;1630;0.00;5.80;71.70;56.61;1.08;26.40
ZA02;Villaralbo;2002-01-07;1700;0.00;4.17;78.80;7.71;0.45;57.49
ZA02;Villaralbo;2002-01-07;1730;0.00;3.43;82.00;0.06;0.06;66.82
ZA02;Villaralbo;2002-01-07;1800;0.00;3.49;83.10;0.00;0.10;75.00
ZA02;Villaralbo;2002-01-07;1830;0.00;3.18;84.00;0.00;0.20;190.20
ZA02;Villaralbo;2002-01-07;1900;0.00;2.77;85.90;0.00;0.50;146.50
ZA02;Villaralbo;2002-01-07;1930;0.00;1.29;88.60;0.00;0.75;146.90
ZA02;Villaralbo;2002-01-07;2000;0.00;1.05;91.80;0.00;1.32;158.50
ZA02;Villaralbo;2002-01-07;2030;0.00;0.38;90.80;0.00;0.54;205.70
ZA02;Villaralbo;2002-01-07;2100;0.00;0.08;94.20;0.00;0.19;195.70
ZA02;Villaralbo;2002-01-07;2130;0.00;0.25;94.20;0.00;0.74;170.60
ZA02;Villaralbo;2002-01-07;2200;0.00;-0.26;93.30;0.00;0.51;195.20
ZA02;Villaralbo;2002-01-07;2230;0.00;-1.87;94.70;0.00;0.30;66.30
ZA02;Villaralbo;2002-01-07;2300;0.00;-1.14;96.00;0.00;0.41;99.90
ZA02;Villaralbo;2002-01-07;2330;0.00;-0.73;96.20;0.00;0.09;178.70
ZA02;Villaralbo;2002-01-07;2400;0.00;-1.07;96.50;0.00;0.29;126.30
ZA04;Villalpando;2002-01-07;0030;0.00;1.89;91.50;0.00;1.87;34.07
ZA04;Villalpando;2002-01-07;0100;0.00;1.31;92.20;0.00;1.71;30.88
ZA04;Villalpando;2002-01-07;0130;0.00;0.82;92.80;0.00;1.70;34.86
ZA04;Villalpando;2002-01-07;0200;0.00;0.64;93.20;0.00;1.93;29.32
ZA04;Villalpando;2002-01-07;0230;0.00;0.53;92.90;0.00;2.38;31.60
ZA04;Villalpando;2002-01-07;0300;0.00;0.17;92.80;0.00;1.55;70.60
ZA04;Villalpando;2002-01-07;0330;0.00;-0.80;93.90;0.00;1.23;80.40
ZA04;Villalpando;2002-01-07;0400;0.00;-0.60;94.70;0.00;1.94;46.60
ZA04;Villalpando;2002-01-07;0430;0.00;-0.60;94.50;0.00;1.59;42.30
ZA04;Villalpando;2002-01-07;0500;0.00;-0.69;94.40;0.00;1.66;45.19
ZA04;Villalpando;2002-01-07;0530;0.00;-0.89;94.30;0.00;1.40;45.14
ZA04;Villalpando;2002-01-07;0600;0.00;-1.15;94.20;0.00;1.09;32.63
ZA04;Villalpando;2002-01-07;0630;0.00;-1.16;94.20;0.00;0.78;29.85
ZA04;Villalpando;2002-01-07;0700;0.00;-1.45;94.10;0.00;0.89;53.30
ZA04;Villalpando;2002-01-07;0730;0.00;-2.04;94.10;2.03;0.63;43.92
ZA04;Villalpando;2002-01-07;0800;0.20;-1.69;94.40;21.82;1.14;33.58
ZA04;Villalpando;2002-01-07;0830;0.00;-1.13;93.70;90.80;1.43;30.31
ZA04;Villalpando;2002-01-07;0900;0.00;-0.48;92.50;191.90;1.39;32.11
ZA04;Villalpando;2002-01-07;0930;0.80;0.14;91.20;237.70;1.68;32.59
ZA04;Villalpando;2002-01-07;1000;2.80;0.85;89.10;304.60;1.32;13.10
ZA04;Villalpando;2002-01-07;1030;3.20;1.76;86.30;282.10;1.02;14.38
ZA04;Villalpando;2002-01-07;1100;4.00;2.27;85.40;315.50;1.33;2.25
ZA04;Villalpando;2002-01-07;1130;3.80;3.04;83.40;366.80;1.35;14.87
ZA04;Villalpando;2002-01-07;1200;3.80;3.69;82.70;428.00;1.41;10.03
ZA04;Villalpando;2002-01-07;1230;3.80;4.69;78.30;499.90;1.40;21.29
ZA04;Villalpando;2002-01-07;1300;3.40;5.44;76.90;385.10;1.55;28.44
ZA04;Villalpando;2002-01-07;1330;0.80;5.71;73.00;377.00;1.39;16.32
ZA04;Villalpando;2002-01-07;1400;0.40;6.00;70.00;284.40;1.07;8.18
ZA04;Villalpando;2002-01-07;1430;0.20;6.09;66.93;246.00;1.06;353.30
ZA04;Villalpando;2002-01-07;1500;0.40;6.00;68.96;199.00;1.34;359.60
ZA04;Villalpando;2002-01-07;1530;0.00;6.29;66.49;218.10;0.92;32.23
ZA04;Villalpando;2002-01-07;1600;0.00;6.15;67.36;123.90;0.98;27.35
ZA04;Villalpando;2002-01-07;1630;0.00;5.72;70.30;36.23;0.84;30.01
ZA04;Villalpando;2002-01-07;1700;0.00;4.30;80.50;5.00;0.82;42.22
ZA04;Villalpando;2002-01-07;1730;0.00;2.89;84.20;0.01;0.89;72.50
ZA04;Villalpando;2002-01-07;1800;0.00;1.77;88.80;0.00;0.57;82.40
ZA04;Villalpando;2002-01-07;1830;0.00;0.95;91.10;0.00;0.72;83.10
ZA04;Villalpando;2002-01-07;1900;0.00;0.57;92.10;0.00;0.41;52.70
ZA04;Villalpando;2002-01-07;1930;0.00;0.33;92.00;0.00;0.86;350.30
ZA04;Villalpando;2002-01-07;2000;0.00;-0.00;92.50;0.00;0.13;55.86
ZA04;Villalpando;2002-01-07;2030;0.00;-0.53;92.80;0.00;0.19;91.30
ZA04;Villalpando;2002-01-07;2100;0.00;-0.82;93.50;0.00;0.25;59.08
ZA04;Villalpando;2002-01-07;2130;0.00;-1.06;93.80;0.00;0.54;53.71
ZA04;Villalpando;2002-01-07;2200;0.00;-0.95;94.00;0.00;0.80;49.04
ZA04;Villalpando;2002-01-07;2230;0.00;-1.11;94.20;0.00;1.31;28.65
ZA04;Villalpando;2002-01-07;2300;0.00;-1.31;93.70;0.00;0.96;46.40
ZA04;Villalpando;2002-01-07;2330;0.00;-2.00;93.90;0.00;0.53;91.30
ZA04;Villalpando;2002-01-07;2400;0.00;-2.63;94.30;0.00;0.54;82.50
ZA05;Pozuelo de Tabara;2002-01-07;0030;0.00;-0.24;94.60;0.00;0.49;287.00
ZA05;Pozuelo de Tabara;2002-01-07;0100;0.00;-0.22;94.50;0.00;0.50;258.90
ZA05;Pozuelo de Tabara;2002-01-07;0130;0.00;-0.40;94.70;0.00;0.36;263.20
ZA05;Pozuelo de Tabara;2002-01-07;0200;0.00;-0.91;94.70;0.00;0.52;249.50
ZA05;Pozuelo de Tabara;2002-01-07;0230;0.00;-1.04;95.00;0.00;0.65;249.50
ZA05;Pozuelo de Tabara;2002-01-07;0300;0.00;-0.77;94.80;0.00;0.50;271.10
ZA05;Pozuelo de Tabara;2002-01-07;0330;0.00;-0.42;94.70;0.00;0.67;297.40
ZA05;Pozuelo de Tabara;2002-01-07;0400;0.00;-0.65;94.20;0.00;0.42;290.40
ZA05;Pozuelo de Tabara;2002-01-07;0430;0.00;-1.11;93.90;0.00;0.37;275.10
ZA05;Pozuelo de Tabara;2002-01-07;0500;0.00;-1.39;94.20;0.00;0.75;270.00
ZA05;Pozuelo de Tabara;2002-01-07;0530;0.00;-1.42;94.00;0.00;0.13;301.80
ZA05;Pozuelo de Tabara;2002-01-07;0600;0.00;-2.17;94.10;0.00;0.01;331.60
ZA05;Pozuelo de Tabara;2002-01-07;0630;0.00;-2.82;94.40;0.00;0.16;315.90
ZA05;Pozuelo de Tabara;2002-01-07;0700;0.00;-2.81;94.70;0.00;0.22;244.80
ZA05;Pozuelo de Tabara;2002-01-07;0730;0.00;-3.32;94.40;2.04;0.33;260.20
ZA05;Pozuelo de Tabara;2002-01-07;0800;0.00;-3.23;94.90;21.24;0.26;295.30
ZA05;Pozuelo de Tabara;2002-01-07;0830;0.00;-1.76;94.80;78.30;0.22;278.70
ZA05;Pozuelo de Tabara;2002-01-07;0900;0.00;-0.06;94.10;204.20;0.39;263.40
ZA05;Pozuelo de Tabara;2002-01-07;0930;0.00;1.82;92.70;253.30;0.39;295.30
ZA05;Pozuelo de Tabara;2002-01-07;1000;0.20;2.85;89.00;309.20;0.42;42.06
ZA05;Pozuelo de Tabara;2002-01-07;1030;0.00;4.46;81.70;372.00;0.56;171.90
ZA05;Pozuelo de Tabara;2002-01-07;1100;0.00;4.75;77.50;310.70;0.61;126.40
ZA05;Pozuelo de Tabara;2002-01-07;1130;0.00;4.30;76.40;389.60;0.59;47.23
ZA05;Pozuelo de Tabara;2002-01-07;1200;0.00;5.82;65.34;476.10;0.81;75.80
ZA05;Pozuelo de Tabara;2002-01-07;1230;0.00;6.13;66.53;465.90;0.73;122.20
ZA05;Pozuelo de Tabara;2002-01-07;1300;0.00;6.57;64.12;484.50;0.76;81.50
ZA05;Pozuelo de Tabara;2002-01-07;1330;0.00;6.91;64.63;383.00;0.70;84.90
ZA05;Pozuelo de Tabara;2002-01-07;1400;0.00;6.40;65.84;244.40;0.60;46.26
ZA05;Pozuelo de Tabara;2002-01-07;1430;0.00;6.33;67.49;178.50;0.49;50.70
ZA05;Pozuelo de Tabara;2002-01-07;1500;0.00;6.39;66.77;215.20;0.78;32.11
ZA05;Pozuelo de Tabara;2002-01-07;1530;0.00;6.35;65.71;170.10;0.61;90.00
ZA05;Pozuelo de Tabara;2002-01-07;1600;0.00;6.10;66.77;100.10;0.79;107.60
ZA05;Pozuelo de Tabara;2002-01-07;1630;0.00;5.54;69.25;45.33;0.71;112.90
ZA05;Pozuelo de Tabara;2002-01-07;1700;0.00;3.59;81.80;5.74;0.80;182.10
ZA05;Pozuelo de Tabara;2002-01-07;1730;0.00;1.94;86.20;0.16;0.37;218.50
ZA05;Pozuelo de Tabara;2002-01-07;1800;0.00;0.54;88.50;0.00;0.00;236.70
ZA05;Pozuelo de Tabara;2002-01-07;1830;0.00;0.43;89.80;0.00;0.21;248.40
ZA05;Pozuelo de Tabara;2002-01-07;1900;0.00;0.03;89.20;0.00;0.28;296.30
ZA05;Pozuelo de Tabara;2002-01-07;1930;0.00;-0.40;91.30;0.00;0.37;291.40
ZA05;Pozuelo de Tabara;2002-01-07;2000;0.00;-0.47;92.00;0.00;0.52;263.60
ZA05;Pozuelo de Tabara;2002-01-07;2030;0.00;-0.45;92.10;0.00;0.62;287.90
ZA05;Pozuelo de Tabara;2002-01-07;2100;0.00;-1.09;92.00;0.00;0.51;286.10
ZA05;Pozuelo de Tabara;2002-01-07;2130;0.00;-1.36;92.90;0.00;0.32;289.10
ZA05;Pozuelo de Tabara;2002-01-07;2200;0.00;-1.90;93.50;0.00;0.41;278.10
ZA05;Pozuelo de Tabara;2002-01-07;2230;0.00;-1.64;93.80;0.00;0.03;296.00
ZA05;Pozuelo de Tabara;2002-01-07;2300;0.00;-1.84;93.80;0.00;0.12;248.30
ZA05;Pozuelo de Tabara;2002-01-07;2330;0.00;-1.97;94.00;0.00;0.11;300.90
ZA05;Pozuelo de Tabara;2002-01-07;2400;0.00;-2.15;94.10;0.00;0.19;245.40
ZA06;Barcial del Barco;2002-01-07;0030;0.00;1.73;98.10;0.00;0.24;54.82
ZA06;Barcial del Barco;2002-01-07;0100;0.00;1.28;97.90;0.00;0.09;58.12
ZA06;Barcial del Barco;2002-01-07;0130;0.00;-0.13;97.80;0.00;0.03;47.06
ZA06;Barcial del Barco;2002-01-07;0200;0.00;-1.67;98.00;0.00;0.19;73.00
ZA06;Barcial del Barco;2002-01-07;0230;0.00;0.11;99.00;0.00;0.69;68.10
ZA06;Barcial del Barco;2002-01-07;0300;0.00;-0.29;98.70;0.00;0.76;67.66
ZA06;Barcial del Barco;2002-01-07;0330;0.00;-0.26;98.80;0.00;0.49;64.14
ZA06;Barcial del Barco;2002-01-07;0400;0.00;-2.08;98.10;0.00;0.11;68.17
ZA06;Barcial del Barco;2002-01-07;0430;0.00;-1.65;99.00;0.00;0.27;56.94
ZA06;Barcial del Barco;2002-01-07;0500;0.00;-2.87;98.90;0.00;0.17;54.29
ZA06;Barcial del Barco;2002-01-07;0530;0.00;-3.45;98.90;0.00;0.07;219.60
ZA06;Barcial del Barco;2002-01-07;0600;0.00;-3.34;99.30;0.00;0.24;226.80
ZA06;Barcial del Barco;2002-01-07;0630;0.00;-3.76;99.10;0.00;0.10;255.40
ZA06;Barcial del Barco;2002-01-07;0700;0.00;-3.89;99.30;0.00;0.00;0.00
ZA06;Barcial del Barco;2002-01-07;0730;0.00;-4.11;99.20;0.00;0.00;0.00
ZA06;Barcial del Barco;2002-01-07;0800;0.00;-3.93;99.20;1.27;0.00;0.00
ZA06;Barcial del Barco;2002-01-07;0830;0.00;-3.86;99.00;13.09;0.02;254.50
ZA06;Barcial del Barco;2002-01-07;0900;0.00;-3.55;99.10;42.24;0.05;69.36
ZA06;Barcial del Barco;2002-01-07;0930;0.00;-2.75;99.10;77.80;0.00;0.00
ZA06;Barcial del Barco;2002-01-07;1000;0.00;-1.68;99.10;130.00;0.04;74.90
ZA06;Barcial del Barco;2002-01-07;1030;0.00;-0.61;98.90;184.60;0.07;327.60
ZA06;Barcial del Barco;2002-01-07;1100;0.20;0.96;98.80;219.50;0.38;55.50
ZA06;Barcial del Barco;2002-01-07;1130;0.00;2.41;97.90;350.60;0.54;83.20
ZA06;Barcial del Barco;2002-01-07;1200;0.00;3.62;91.40;281.30;0.72;41.57
ZA06;Barcial del Barco;2002-01-07;1230;0.00;4.28;84.30;390.50;0.88;74.20
ZA06;Barcial del Barco;2002-01-07;1300;0.00;5.52;78.60;348.00;0.61;44.82
ZA06;Barcial del Barco;2002-01-07;1330;0.00;5.79;75.50;367.50;0.61;51.92
ZA06;Barcial del Barco;2002-01-07;1400;0.00;6.53;67.52;276.10;0.67;43.91
ZA06;Barcial del Barco;2002-01-07;1430;0.00;6.49;67.65;242.30;0.45;76.40
ZA06;Barcial del Barco;2002-01-07;1500;0.00;7.11;65.41;347.10;0.51;100.40
ZA06;Barcial del Barco;2002-01-07;1530;0.00;7.55;63.38;299.60;0.54;124.70
ZA06;Barcial del Barco;2002-01-07;1600;0.00;7.61;63.54;214.40;0.76;238.20
ZA06;Barcial del Barco;2002-01-07;1630;0.00;7.23;65.98;132.30;1.02;245.90
ZA06;Barcial del Barco;2002-01-07;1700;0.00;5.96;71.70;33.75;0.98;215.10
ZA06;Barcial del Barco;2002-01-07;1730;0.00;4.37;79.40;4.52;0.81;200.00
ZA06;Barcial del Barco;2002-01-07;1800;0.00;3.30;83.10;0.00;0.80;199.60
ZA06;Barcial del Barco;2002-01-07;1830;0.00;2.45;85.60;0.00;0.95;193.90
ZA06;Barcial del Barco;2002-01-07;1900;0.00;2.37;85.00;0.00;0.78;193.80
ZA06;Barcial del Barco;2002-01-07;1930;0.00;2.36;84.40;0.00;0.47;200.20
ZA06;Barcial del Barco;2002-01-07;2000;0.00;-0.47;90.70;0.00;0.20;52.81
ZA06;Barcial del Barco;2002-01-07;2030;0.00;-2.26;93.60;0.00;0.01;55.95
ZA06;Barcial del Barco;2002-01-07;2100;0.00;-3.35;95.10;0.00;0.00;0.00
ZA06;Barcial del Barco;2002-01-07;2130;0.00;-3.78;96.50;0.00;0.00;0.00
ZA06;Barcial del Barco;2002-01-07;2200;0.00;-4.14;96.90;0.00;0.01;55.93
ZA06;Barcial del Barco;2002-01-07;2230;0.00;-4.36;97.00;0.00;0.00;0.00
ZA06;Barcial del Barco;2002-01-07;2300;0.00;-4.27;97.60;0.00;0.01;55.94
ZA06;Barcial del Barco;2002-01-07;2330;0.00;-4.51;97.50;0.00;0.00;55.91
ZA06;Barcial del Barco;2002-01-07;2400;0.00;-4.89;97.40;0.00;0.00;0.00
ZA07;Toro;2002-01-07;0030;0.00;-0.21;96.30;0.00;0.82;88.90
ZA07;Toro;2002-01-07;0100;0.00;0.29;95.10;0.00;1.31;154.50
ZA07;Toro;2002-01-07;0130;0.00;0.80;90.50;0.00;1.57;157.80
ZA07;Toro;2002-01-07;0200;0.00;0.90;88.00;0.00;1.35;134.60
ZA07;Toro;2002-01-07;0230;0.00;-0.37;91.60;0.00;1.21;121.90
ZA07;Toro;2002-01-07;0300;0.00;-0.26;91.60;0.00;1.26;125.60
ZA07;Toro;2002-01-07;0330;0.00;-0.28;91.70;0.00;1.28;126.10
ZA07;Toro;2002-01-07;0400;0.00;0.21;88.30;0.00;1.26;119.80
ZA07;Toro;2002-01-07;0430;0.00;-1.15;92.40;0.00;1.14;100.30
ZA07;Toro;2002-01-07;0500;0.00;-1.15;94.10;0.00;1.23;131.20
ZA07;Toro;2002-01-07;0530;0.00;-0.75;93.90;0.00;1.69;131.60
ZA07;Toro;2002-01-07;0600;0.00;-1.78;93.90;0.00;1.39;110.00
ZA07;Toro;2002-01-07;0630;0.00;-2.00;95.60;0.00;1.17;130.30
ZA07;Toro;2002-01-07;0700;0.00;-1.96;95.80;0.00;1.49;125.40
ZA07;Toro;2002-01-07;0730;0.00;-1.87;96.00;0.06;1.67;130.10
ZA07;Toro;2002-01-07;0800;0.00;-2.59;95.30;4.77;1.50;109.20
ZA07;Toro;2002-01-07;0830;0.00;-2.69;95.90;39.25;1.45;103.70
ZA07;Toro;2002-01-07;0900;0.00;-1.30;95.10;122.00;2.04;117.70
ZA07;Toro;2002-01-07;0930;0.00;-0.41;93.10;206.10;1.89;122.60
ZA07;Toro;2002-01-07;1000;0.00;0.35;90.00;259.40;2.04;124.20
ZA07;Toro;2002-01-07;1030;0.00;1.33;86.30;309.00;2.12;130.20
ZA07;Toro;2002-01-07;1100;0.20;2.21;85.40;360.20;2.00;145.80
ZA07;Toro;2002-01-07;1130;0.00;3.26;83.10;424.20;1.75;128.60
ZA07;Toro;2002-01-07;1200;0.00;4.58;76.30;495.60;2.08;121.90
ZA07;Toro;2002-01-07;1230;0.00;5.80;76.10;460.60;2.05;146.90
ZA07;Toro;2002-01-07;1300;0.00;6.42;69.66;382.70;1.97;154.80
ZA07;Toro;2002-01-07;1330;0.00;6.86;65.45;402.70;1.68;99.20
ZA07;Toro;2002-01-07;1400;0.00;6.48;70.80;285.40;2.69;34.18
ZA07;Toro;2002-01-07;1430;0.00;6.61;70.80;275.50;1.94;35.06
ZA07;Toro;2002-01-07;1500;0.00;6.92;68.36;285.50;1.06;64.22
ZA07;Toro;2002-01-07;1530;0.00;7.33;64.66;228.30;0.64;88.10
ZA07;Toro;2002-01-07;1600;0.00;7.15;67.76;190.30;1.84;40.95
ZA07;Toro;2002-01-07;1630;0.00;6.75;67.45;95.80;1.84;47.00
ZA07;Toro;2002-01-07;1700;0.00;6.17;70.50;30.76;0.73;59.65
ZA07;Toro;2002-01-07;1730;0.00;4.74;79.80;2.23;0.21;130.60
ZA07;Toro;2002-01-07;1800;0.00;2.70;84.00;0.00;0.89;54.03
ZA07;Toro;2002-01-07;1830;0.00;1.26;87.10;0.00;1.03;36.12
ZA07;Toro;2002-01-07;1900;0.00;0.40;90.80;0.00;0.38;201.90
ZA07;Toro;2002-01-07;1930;0.00;0.09;92.50;0.00;0.65;137.90
ZA07;Toro;2002-01-07;2000;0.00;-0.24;93.80;0.00;0.70;94.40
ZA07;Toro;2002-01-07;2030;0.00;-0.56;93.90;0.00;0.91;90.00
ZA07;Toro;2002-01-07;2100;0.00;-0.75;94.80;0.00;0.62;98.20
ZA07;Toro;2002-01-07;2130;0.00;-0.93;95.20;0.00;0.81;65.78
ZA07;Toro;2002-01-07;2200;0.00;-1.44;95.40;0.00;0.38;48.99
ZA07;Toro;2002-01-07;2230;0.00;-1.67;95.60;0.00;0.68;51.06
ZA07;Toro;2002-01-07;2300;0.00;-2.16;95.30;0.00;0.58;94.00
ZA07;Toro;2002-01-07;2330;0.00;-2.25;96.00;0.00;0.77;75.30
ZA07;Toro;2002-01-07;2400;0.00;-2.45;96.00;0.00;0.66;53.84
