Código;Ubicación;Fecha (AAAA-MM-DD);Hora (HHMM);Precipitación (mm);Temperatura (ºC);Humedad relativa (%);Radiación (W/m2);Vel. viento (m/s);Dir. viento (º)
AV01;Nava de Arévalo;2001-11-29;0030;0.00;-0.80;88.60;0.00;1.55;166.90
AV01;Nava de Arévalo;2001-11-29;0100;0.00;-1.71;89.60;0.00;0.30;176.60
AV01;Nava de Arévalo;2001-11-29;0130;0.00;-2.18;92.00;0.00;1.36;175.00
AV01;Nava de Arévalo;2001-11-29;0200;0.00;-1.75;92.30;0.00;1.40;178.40
AV01;Nava de Arévalo;2001-11-29;0230;0.00;-1.95;92.30;0.00;1.43;172.60
AV01;Nava de Arévalo;2001-11-29;0300;0.00;-1.95;92.50;0.00;1.51;172.30
AV01;Nava de Arévalo;2001-11-29;0330;0.00;-2.08;92.80;0.00;1.63;176.00
AV01;Nava de Arévalo;2001-11-29;0400;0.00;-2.12;93.30;0.00;1.95;174.70
AV01;Nava de Arévalo;2001-11-29;0430;0.00;-1.85;93.70;0.00;1.97;178.20
AV01;Nava de Arévalo;2001-11-29;0500;0.00;-2.13;93.40;0.00;1.77;177.10
AV01;Nava de Arévalo;2001-11-29;0530;0.00;-2.37;93.40;0.00;1.40;171.70
AV01;Nava de Arévalo;2001-11-29;0600;0.00;-2.59;93.00;0.00;1.05;178.50
AV01;Nava de Arévalo;2001-11-29;0630;0.00;-2.92;94.00;0.00;1.56;171.00
AV01;Nava de Arévalo;2001-11-29;0700;0.00;-2.73;93.40;1.10;1.80;171.20
AV01;Nava de Arévalo;2001-11-29;0730;0.00;-2.36;93.40;18.38;2.27;171.90
AV01;Nava de Arévalo;2001-11-29;0800;0.00;-1.45;92.20;94.80;1.91;176.20
AV01;Nava de Arévalo;2001-11-29;0830;0.00;0.16;89.50;171.80;2.17;174.80
AV01;Nava de Arévalo;2001-11-29;0900;0.00;2.47;84.80;183.40;2.10;176.40
AV01;Nava de Arévalo;2001-11-29;0930;0.00;4.43;77.70;288.20;1.71;149.30
AV01;Nava de Arévalo;2001-11-29;1000;0.00;6.16;73.50;361.10;1.45;137.70
AV01;Nava de Arévalo;2001-11-29;1030;0.00;8.80;65.27;408.90;0.87;137.10
AV01;Nava de Arévalo;2001-11-29;1100;0.00;10.04;59.29;447.30;0.51;108.80
AV01;Nava de Arévalo;2001-11-29;1130;0.00;11.25;54.76;466.90;0.60;93.50
AV01;Nava de Arévalo;2001-11-29;1200;0.00;11.51;54.07;475.30;0.66;111.00
AV01;Nava de Arévalo;2001-11-29;1230;0.00;12.02;51.93;465.00;0.88;34.87
AV01;Nava de Arévalo;2001-11-29;1300;0.00;12.48;50.42;447.40;0.78;0.94
AV01;Nava de Arévalo;2001-11-29;1330;0.00;12.35;50.04;413.90;1.00;318.60
AV01;Nava de Arévalo;2001-11-29;1400;0.00;12.70;48.41;367.30;0.88;334.20
AV01;Nava de Arévalo;2001-11-29;1430;0.00;12.44;48.89;308.60;0.87;330.90
AV01;Nava de Arévalo;2001-11-29;1500;0.00;12.88;47.97;243.60;0.71;324.20
AV01;Nava de Arévalo;2001-11-29;1530;0.00;12.39;49.60;170.90;0.62;316.80
AV01;Nava de Arévalo;2001-11-29;1600;0.00;12.36;49.80;96.80;0.23;329.40
AV01;Nava de Arévalo;2001-11-29;1630;0.00;11.47;51.87;23.16;0.00;0.00
AV01;Nava de Arévalo;2001-11-29;1700;0.00;8.59;58.24;1.79;0.21;296.30
AV01;Nava de Arévalo;2001-11-29;1730;0.00;5.65;69.00;0.00;0.20;187.40
AV01;Nava de Arévalo;2001-11-29;1800;0.00;4.25;73.10;0.00;0.66;208.80
AV01;Nava de Arévalo;2001-11-29;1830;0.00;2.57;78.60;0.00;0.97;185.20
AV01;Nava de Arévalo;2001-11-29;1900;0.00;1.17;82.60;0.00;0.79;189.00
AV01;Nava de Arévalo;2001-11-29;1930;0.00;0.96;85.10;0.00;1.47;176.20
AV01;Nava de Arévalo;2001-11-29;2000;0.00;1.37;85.60;0.00;1.22;165.10
AV01;Nava de Arévalo;2001-11-29;2030;0.00;1.35;86.90;0.00;1.60;170.90
AV01;Nava de Arévalo;2001-11-29;2100;0.00;1.50;86.70;0.00;1.69;171.40
AV01;Nava de Arévalo;2001-11-29;2130;0.00;0.99;87.10;0.00;1.89;177.00
AV01;Nava de Arévalo;2001-11-29;2200;0.00;0.72;87.50;0.00;1.62;174.60
AV01;Nava de Arévalo;2001-11-29;2230;0.00;0.39;88.80;0.00;1.62;197.10
AV01;Nava de Arévalo;2001-11-29;2300;0.00;0.09;89.00;0.00;1.07;191.80
AV01;Nava de Arévalo;2001-11-29;2330;0.00;-0.19;89.90;0.00;1.17;195.70
AV01;Nava de Arévalo;2001-11-29;2400;0.00;-0.15;89.80;0.00;1.86;171.70
BU01;Miranda de Ebro;2001-11-29;0030;0.00;6.92;91.10;0.00;0.34;7.93
BU01;Miranda de Ebro;2001-11-29;0100;0.00;7.00;91.30;0.00;0.40;227.30
BU01;Miranda de Ebro;2001-11-29;0130;0.00;6.83;91.30;0.00;0.42;345.60
BU01;Miranda de Ebro;2001-11-29;0200;0.00;6.87;91.50;0.00;0.16;321.20
BU01;Miranda de Ebro;2001-11-29;0230;0.00;6.60;91.40;0.00;0.23;152.60
BU01;Miranda de Ebro;2001-11-29;0300;0.00;6.31;91.80;0.00;0.14;50.55
BU01;Miranda de Ebro;2001-11-29;0330;0.00;6.62;92.30;0.00;0.26;10.45
BU01;Miranda de Ebro;2001-11-29;0400;0.00;6.58;92.20;0.00;0.53;346.20
BU01;Miranda de Ebro;2001-11-29;0430;0.00;6.54;92.40;0.00;0.46;263.70
BU01;Miranda de Ebro;2001-11-29;0500;0.00;6.45;92.50;0.00;0.43;308.50
BU01;Miranda de Ebro;2001-11-29;0530;0.00;6.38;92.60;0.00;0.43;207.40
BU01;Miranda de Ebro;2001-11-29;0600;0.00;6.20;92.80;0.00;0.42;197.90
BU01;Miranda de Ebro;2001-11-29;0630;0.00;6.38;92.90;0.00;0.20;317.00
BU01;Miranda de Ebro;2001-11-29;0700;0.00;6.38;92.90;0.45;0.22;41.25
BU01;Miranda de Ebro;2001-11-29;0730;0.00;6.43;93.00;2.79;0.14;219.10
BU01;Miranda de Ebro;2001-11-29;0800;0.00;6.45;93.00;15.11;0.30;211.90
BU01;Miranda de Ebro;2001-11-29;0830;0.00;6.85;93.30;58.20;0.81;214.40
BU01;Miranda de Ebro;2001-11-29;0900;0.00;7.50;93.10;88.10;0.41;250.30
BU01;Miranda de Ebro;2001-11-29;0930;0.00;8.17;92.30;172.80;0.13;30.80
BU01;Miranda de Ebro;2001-11-29;1000;0.00;9.36;87.20;320.80;0.74;32.99
BU01;Miranda de Ebro;2001-11-29;1030;0.00;10.63;75.60;357.90;0.38;337.80
BU01;Miranda de Ebro;2001-11-29;1100;0.00;12.07;69.71;402.20;0.63;114.70
BU01;Miranda de Ebro;2001-11-29;1130;0.00;12.66;65.94;384.10;0.83;308.70
BU01;Miranda de Ebro;2001-11-29;1200;0.00;12.52;69.80;269.90;1.21;33.44
BU01;Miranda de Ebro;2001-11-29;1230;0.00;12.77;68.73;394.90;1.08;34.17
BU01;Miranda de Ebro;2001-11-29;1300;0.00;13.55;62.13;398.50;0.72;315.90
BU01;Miranda de Ebro;2001-11-29;1330;0.00;13.70;58.27;243.00;0.79;320.30
BU01;Miranda de Ebro;2001-11-29;1400;0.00;13.55;57.42;237.20;0.63;348.70
BU01;Miranda de Ebro;2001-11-29;1430;0.00;14.00;57.06;281.30;0.94;37.17
BU01;Miranda de Ebro;2001-11-29;1500;0.00;14.62;53.44;233.50;0.52;82.70
BU01;Miranda de Ebro;2001-11-29;1530;0.00;14.59;51.20;132.30;1.03;232.80
BU01;Miranda de Ebro;2001-11-29;1600;0.00;13.75;55.71;66.09;0.86;227.10
BU01;Miranda de Ebro;2001-11-29;1630;0.00;12.59;60.92;13.40;0.30;198.10
BU01;Miranda de Ebro;2001-11-29;1700;0.00;9.47;74.20;1.30;0.92;219.60
BU01;Miranda de Ebro;2001-11-29;1730;0.00;7.92;78.60;0.00;1.10;222.50
BU01;Miranda de Ebro;2001-11-29;1800;0.00;7.01;80.90;0.00;0.72;190.70
BU01;Miranda de Ebro;2001-11-29;1830;0.00;6.39;83.10;0.00;0.25;72.50
BU01;Miranda de Ebro;2001-11-29;1900;0.00;5.86;83.90;0.00;0.24;237.50
BU01;Miranda de Ebro;2001-11-29;1930;0.00;5.57;84.90;0.00;0.24;208.20
BU01;Miranda de Ebro;2001-11-29;2000;0.00;4.57;86.70;0.00;0.43;351.80
BU01;Miranda de Ebro;2001-11-29;2030;0.00;4.24;88.20;0.00;0.44;242.80
BU01;Miranda de Ebro;2001-11-29;2100;0.00;3.84;88.60;0.00;0.19;277.60
BU01;Miranda de Ebro;2001-11-29;2130;0.00;3.02;89.70;0.00;0.12;172.70
BU01;Miranda de Ebro;2001-11-29;2200;0.00;3.17;91.10;0.00;0.50;309.70
BU01;Miranda de Ebro;2001-11-29;2230;0.00;2.70;91.00;0.00;0.65;228.40
BU01;Miranda de Ebro;2001-11-29;2300;0.00;1.88;91.90;0.00;0.30;295.00
BU01;Miranda de Ebro;2001-11-29;2330;0.00;2.15;92.50;0.00;0.52;299.80
BU01;Miranda de Ebro;2001-11-29;2400;0.00;1.67;92.20;0.00;0.44;204.40
BU02;Valle de Valdelucio;2001-11-29;0030;0.00;1.78;91.20;0.00;0.61;356.50
BU02;Valle de Valdelucio;2001-11-29;0100;0.00;1.88;91.60;0.00;0.61;34.96
BU02;Valle de Valdelucio;2001-11-29;0130;0.00;1.59;91.80;0.00;0.82;304.00
BU02;Valle de Valdelucio;2001-11-29;0200;0.00;0.78;92.50;0.00;1.02;291.40
BU02;Valle de Valdelucio;2001-11-29;0230;0.00;0.59;93.00;0.00;0.40;92.60
BU02;Valle de Valdelucio;2001-11-29;0300;0.00;-0.80;93.30;0.00;0.24;66.65
BU02;Valle de Valdelucio;2001-11-29;0330;0.00;-0.67;93.90;0.00;0.20;118.20
BU02;Valle de Valdelucio;2001-11-29;0400;0.00;-1.07;93.90;0.00;0.06;123.70
BU02;Valle de Valdelucio;2001-11-29;0430;0.00;-0.88;94.20;0.00;0.05;42.72
BU02;Valle de Valdelucio;2001-11-29;0500;0.00;-0.68;94.10;0.00;0.27;71.90
BU02;Valle de Valdelucio;2001-11-29;0530;0.00;-0.84;94.00;0.00;0.49;248.00
BU02;Valle de Valdelucio;2001-11-29;0600;0.00;-0.97;94.20;0.00;0.26;86.40
BU02;Valle de Valdelucio;2001-11-29;0630;0.00;-0.70;94.30;0.00;0.27;71.30
BU02;Valle de Valdelucio;2001-11-29;0700;0.00;-0.84;94.20;0.50;0.30;6.38
BU02;Valle de Valdelucio;2001-11-29;0730;0.00;-0.79;94.40;5.30;0.21;15.25
BU02;Valle de Valdelucio;2001-11-29;0800;0.00;-0.47;94.20;54.31;0.44;134.40
BU02;Valle de Valdelucio;2001-11-29;0830;0.00;0.08;94.10;157.70;0.49;94.70
BU02;Valle de Valdelucio;2001-11-29;0900;0.00;1.48;93.10;204.00;0.53;110.30
BU02;Valle de Valdelucio;2001-11-29;0930;0.20;2.97;87.40;272.00;0.55;127.50
BU02;Valle de Valdelucio;2001-11-29;1000;0.00;4.42;82.40;308.10;0.73;125.10
BU02;Valle de Valdelucio;2001-11-29;1030;0.00;5.66;77.60;357.50;0.66;139.60
BU02;Valle de Valdelucio;2001-11-29;1100;0.00;7.04;74.40;397.20;0.87;225.80
BU02;Valle de Valdelucio;2001-11-29;1130;0.00;7.96;71.30;426.30;1.52;251.00
BU02;Valle de Valdelucio;2001-11-29;1200;0.00;8.75;67.11;427.90;2.81;248.40
BU02;Valle de Valdelucio;2001-11-29;1230;0.00;9.17;67.63;424.90;3.10;230.60
BU02;Valle de Valdelucio;2001-11-29;1300;0.00;9.24;66.57;405.10;3.29;226.00
BU02;Valle de Valdelucio;2001-11-29;1330;0.00;9.57;63.52;374.90;2.51;219.00
BU02;Valle de Valdelucio;2001-11-29;1400;0.00;9.50;65.41;327.80;2.87;235.10
BU02;Valle de Valdelucio;2001-11-29;1430;0.00;9.59;64.99;271.80;2.55;230.20
BU02;Valle de Valdelucio;2001-11-29;1500;0.00;9.83;65.05;209.80;2.64;232.10
BU02;Valle de Valdelucio;2001-11-29;1530;0.00;9.40;66.27;139.40;2.33;234.50
BU02;Valle de Valdelucio;2001-11-29;1600;0.00;8.88;68.46;68.48;2.06;254.90
BU02;Valle de Valdelucio;2001-11-29;1630;0.00;7.98;72.00;14.20;2.15;276.90
BU02;Valle de Valdelucio;2001-11-29;1700;0.00;7.34;73.40;1.21;1.31;278.00
BU02;Valle de Valdelucio;2001-11-29;1730;0.00;7.19;73.80;0.00;1.28;268.60
BU02;Valle de Valdelucio;2001-11-29;1800;0.00;6.86;74.40;0.00;1.47;290.00
BU02;Valle de Valdelucio;2001-11-29;1830;0.00;6.81;73.70;0.00;2.11;269.30
BU02;Valle de Valdelucio;2001-11-29;1900;0.00;6.28;75.80;0.00;2.14;284.00
BU02;Valle de Valdelucio;2001-11-29;1930;0.00;6.26;75.50;0.00;2.23;294.10
BU02;Valle de Valdelucio;2001-11-29;2000;0.00;6.41;74.30;0.00;3.02;274.70
BU02;Valle de Valdelucio;2001-11-29;2030;0.00;5.60;77.70;0.00;1.65;296.30
BU02;Valle de Valdelucio;2001-11-29;2100;0.00;5.52;78.20;0.00;1.61;306.50
BU02;Valle de Valdelucio;2001-11-29;2130;0.00;5.45;78.30;0.00;1.27;293.30
BU02;Valle de Valdelucio;2001-11-29;2200;0.00;5.45;78.50;0.00;1.36;298.90
BU02;Valle de Valdelucio;2001-11-29;2230;0.00;5.63;77.00;0.00;1.52;291.10
BU02;Valle de Valdelucio;2001-11-29;2300;0.00;5.34;79.40;0.00;2.01;302.80
BU02;Valle de Valdelucio;2001-11-29;2330;0.00;5.01;79.00;0.00;1.18;272.80
BU02;Valle de Valdelucio;2001-11-29;2400;0.00;4.83;80.30;0.00;1.62;294.30
BU03;Lerma;2001-11-29;0030;0.00;3.04;83.50;0.00;0.03;37.21
BU03;Lerma;2001-11-29;0100;0.00;2.60;85.80;0.00;0.27;115.50
BU03;Lerma;2001-11-29;0130;0.00;2.86;85.90;0.00;0.37;112.20
BU03;Lerma;2001-11-29;0200;0.00;2.71;85.60;0.00;0.36;120.50
BU03;Lerma;2001-11-29;0230;0.00;2.71;86.80;0.00;0.03;334.60
BU03;Lerma;2001-11-29;0300;0.00;2.80;86.20;0.00;0.02;350.80
BU03;Lerma;2001-11-29;0330;0.00;1.88;87.50;0.00;0.03;75.10
BU03;Lerma;2001-11-29;0400;0.00;0.21;90.10;0.00;0.00;0.00
BU03;Lerma;2001-11-29;0430;0.00;-1.08;91.10;0.00;0.00;0.00
BU03;Lerma;2001-11-29;0500;0.00;-2.13;92.20;0.00;0.04;18.21
BU03;Lerma;2001-11-29;0530;0.00;-2.09;93.10;0.00;0.10;17.18
BU03;Lerma;2001-11-29;0600;0.00;-1.96;93.60;0.00;0.11;336.50
BU03;Lerma;2001-11-29;0630;0.00;-2.49;93.60;0.00;0.00;0.00
BU03;Lerma;2001-11-29;0700;0.00;-2.46;94.10;0.86;0.04;8.44
BU03;Lerma;2001-11-29;0730;0.00;-2.36;94.10;7.29;0.03;5.29
BU03;Lerma;2001-11-29;0800;0.00;-2.46;94.20;25.41;0.05;350.70
BU03;Lerma;2001-11-29;0830;0.00;-1.21;94.50;133.20;0.04;169.30
BU03;Lerma;2001-11-29;0900;0.00;0.89;92.50;197.10;0.34;154.00
BU03;Lerma;2001-11-29;0930;0.00;2.72;81.60;253.30;0.75;145.90
BU03;Lerma;2001-11-29;1000;0.00;4.46;73.70;315.70;0.50;158.20
BU03;Lerma;2001-11-29;1030;0.00;6.15;68.99;370.40;0.47;250.20
BU03;Lerma;2001-11-29;1100;0.00;6.95;67.61;406.50;0.95;273.20
BU03;Lerma;2001-11-29;1130;0.00;8.45;63.27;428.60;1.18;241.70
BU03;Lerma;2001-11-29;1200;0.00;9.29;62.03;438.20;0.90;259.00
BU03;Lerma;2001-11-29;1230;0.00;10.29;59.01;433.30;0.86;259.70
BU03;Lerma;2001-11-29;1300;0.00;10.78;57.45;414.10;0.83;282.30
BU03;Lerma;2001-11-29;1330;0.00;11.17;55.77;384.40;1.67;267.90
BU03;Lerma;2001-11-29;1400;0.00;11.28;56.01;338.90;1.67;277.30
BU03;Lerma;2001-11-29;1430;0.00;11.50;55.23;285.60;1.29;275.20
BU03;Lerma;2001-11-29;1500;0.00;11.68;54.27;225.00;1.01;278.40
BU03;Lerma;2001-11-29;1530;0.00;11.65;54.79;147.70;1.67;268.20
BU03;Lerma;2001-11-29;1600;0.00;10.76;57.67;77.40;1.30;275.60
BU03;Lerma;2001-11-29;1630;0.00;9.20;63.36;18.10;0.91;309.60
BU03;Lerma;2001-11-29;1700;0.00;6.96;70.40;1.40;0.20;297.00
BU03;Lerma;2001-11-29;1730;0.00;4.43;78.00;0.00;0.13;16.50
BU03;Lerma;2001-11-29;1800;0.00;2.91;83.40;0.00;0.13;26.61
BU03;Lerma;2001-11-29;1830;0.00;1.68;86.80;0.00;0.06;12.18
BU03;Lerma;2001-11-29;1900;0.00;1.19;88.10;0.00;0.16;14.42
BU03;Lerma;2001-11-29;1930;0.00;0.61;89.80;0.00;0.10;16.14
BU03;Lerma;2001-11-29;2000;0.00;-0.07;91.20;0.00;0.28;96.10
BU03;Lerma;2001-11-29;2030;0.00;0.22;91.50;0.00;0.23;51.41
BU03;Lerma;2001-11-29;2100;0.00;-0.10;92.20;0.00;0.08;81.30
BU03;Lerma;2001-11-29;2130;0.00;-0.17;92.50;0.00;0.11;95.70
BU03;Lerma;2001-11-29;2200;0.00;-0.76;92.90;0.00;0.05;11.00
BU03;Lerma;2001-11-29;2230;0.00;-1.22;93.40;0.00;0.09;69.04
BU03;Lerma;2001-11-29;2300;0.00;-1.33;93.50;0.00;0.04;0.03
BU03;Lerma;2001-11-29;2330;0.00;-1.42;93.50;0.00;0.00;0.00
BU03;Lerma;2001-11-29;2400;0.00;-1.60;94.30;0.00;0.05;76.40
BU04;Tardajos;2001-11-29;0030;0.00;2.62;91.50;0.00;0.56;85.20
BU04;Tardajos;2001-11-29;0100;0.00;2.47;92.40;0.00;0.41;103.70
BU04;Tardajos;2001-11-29;0130;0.00;2.69;92.60;0.00;0.70;76.30
BU04;Tardajos;2001-11-29;0200;0.00;2.91;92.10;0.00;0.77;47.93
BU04;Tardajos;2001-11-29;0230;0.00;2.67;92.00;0.00;0.31;124.50
BU04;Tardajos;2001-11-29;0300;0.00;2.60;92.70;0.00;0.63;118.50
BU04;Tardajos;2001-11-29;0330;0.00;2.18;93.00;0.00;0.57;91.70
BU04;Tardajos;2001-11-29;0400;0.00;1.46;93.30;0.00;0.11;41.05
BU04;Tardajos;2001-11-29;0430;0.00;0.48;94.00;0.00;0.12;136.90
BU04;Tardajos;2001-11-29;0500;0.00;0.04;94.90;0.00;0.08;138.10
BU04;Tardajos;2001-11-29;0530;0.00;-0.23;95.10;0.00;0.00;0.00
BU04;Tardajos;2001-11-29;0600;0.00;-0.97;95.30;0.00;0.02;115.80
BU04;Tardajos;2001-11-29;0630;0.00;-1.26;95.90;0.00;0.00;0.00
BU04;Tardajos;2001-11-29;0700;0.00;-1.59;96.00;1.09;0.03;115.80
BU04;Tardajos;2001-11-29;0730;0.00;-1.81;96.30;6.33;0.06;226.40
BU04;Tardajos;2001-11-29;0800;0.00;-1.96;96.40;45.64;0.11;84.60
BU04;Tardajos;2001-11-29;0830;0.00;-0.46;96.60;129.10;0.05;215.30
BU04;Tardajos;2001-11-29;0900;0.00;0.83;96.30;182.50;0.15;210.60
BU04;Tardajos;2001-11-29;0930;0.00;2.55;94.00;251.90;0.22;211.00
BU04;Tardajos;2001-11-29;1000;0.00;3.86;84.70;326.20;0.51;274.90
BU04;Tardajos;2001-11-29;1030;0.00;4.97;80.90;382.60;0.99;260.00
BU04;Tardajos;2001-11-29;1100;0.00;6.27;75.70;414.40;1.29;252.30
BU04;Tardajos;2001-11-29;1130;0.00;7.60;70.90;439.00;1.13;238.60
BU04;Tardajos;2001-11-29;1200;0.00;8.96;66.31;450.50;1.25;248.10
BU04;Tardajos;2001-11-29;1230;0.00;10.00;63.60;445.70;1.43;224.60
BU04;Tardajos;2001-11-29;1300;0.00;10.78;60.82;423.40;1.47;237.80
BU04;Tardajos;2001-11-29;1330;0.00;10.77;59.70;389.60;1.79;261.50
BU04;Tardajos;2001-11-29;1400;0.00;10.86;59.04;340.60;1.76;245.30
BU04;Tardajos;2001-11-29;1430;0.00;10.91;58.94;283.10;1.57;249.60
BU04;Tardajos;2001-11-29;1500;0.00;10.91;59.09;204.70;1.69;223.90
BU04;Tardajos;2001-11-29;1530;0.00;10.70;60.49;129.40;1.89;264.30
BU04;Tardajos;2001-11-29;1600;0.00;9.87;62.98;67.75;1.78;294.00
BU04;Tardajos;2001-11-29;1630;0.00;8.37;68.69;13.51;1.06;282.10
BU04;Tardajos;2001-11-29;1700;0.00;6.40;76.00;1.06;0.84;241.70
BU04;Tardajos;2001-11-29;1730;0.00;4.84;81.50;0.00;0.61;210.00
BU04;Tardajos;2001-11-29;1800;0.00;3.95;84.50;0.00;0.77;238.00
BU04;Tardajos;2001-11-29;1830;0.00;3.71;84.40;0.00;0.40;70.00
BU04;Tardajos;2001-11-29;1900;0.00;2.77;88.60;0.00;0.26;133.20
BU04;Tardajos;2001-11-29;1930;0.00;1.48;91.10;0.00;0.60;75.30
BU04;Tardajos;2001-11-29;2000;0.00;0.99;92.30;0.00;0.46;77.50
BU04;Tardajos;2001-11-29;2030;0.00;0.60;93.20;0.00;0.67;71.00
BU04;Tardajos;2001-11-29;2100;0.00;0.77;93.40;0.00;0.72;81.50
BU04;Tardajos;2001-11-29;2130;0.00;0.26;94.10;0.00;0.55;99.10
BU04;Tardajos;2001-11-29;2200;0.00;-0.01;94.20;0.00;0.11;72.00
BU04;Tardajos;2001-11-29;2230;0.00;-0.07;94.80;0.00;0.15;15.78
BU04;Tardajos;2001-11-29;2300;0.00;-0.66;95.00;0.00;0.15;8.95
BU04;Tardajos;2001-11-29;2330;0.00;-1.24;95.50;0.00;0.37;258.60
BU04;Tardajos;2001-11-29;2400;0.00;-1.57;96.10;0.00;0.30;44.90
BU05;Vadocondes;2001-11-29;0030;0.00;-2.61;90.50;0.00;0.26;117.40
BU05;Vadocondes;2001-11-29;0100;0.00;-3.22;90.20;0.00;0.01;45.69
BU05;Vadocondes;2001-11-29;0130;0.00;-3.04;91.40;0.00;0.67;112.00
BU05;Vadocondes;2001-11-29;0200;0.00;-2.54;91.30;0.00;0.47;164.50
BU05;Vadocondes;2001-11-29;0230;0.00;-1.94;90.20;0.00;0.53;132.60
BU05;Vadocondes;2001-11-29;0300;0.00;-1.56;90.20;0.00;0.33;77.90
BU05;Vadocondes;2001-11-29;0330;0.00;-1.00;89.10;0.00;0.19;112.30
BU05;Vadocondes;2001-11-29;0400;0.00;-0.67;89.30;0.00;0.27;150.70
BU05;Vadocondes;2001-11-29;0430;0.00;-0.94;88.40;0.00;0.37;6.91
BU05;Vadocondes;2001-11-29;0500;0.00;-1.46;87.90;0.00;0.10;238.60
BU05;Vadocondes;2001-11-29;0530;0.00;-1.61;89.90;0.00;0.04;152.20
BU05;Vadocondes;2001-11-29;0600;0.00;-2.30;91.30;0.00;0.10;276.20
BU05;Vadocondes;2001-11-29;0630;0.00;-3.34;90.90;0.00;0.00;0.00
BU05;Vadocondes;2001-11-29;0700;0.00;-3.27;92.70;0.07;0.00;0.00
BU05;Vadocondes;2001-11-29;0730;0.00;-3.98;92.60;6.16;0.00;0.00
BU05;Vadocondes;2001-11-29;0800;0.00;-3.44;93.90;31.66;0.00;277.90
BU05;Vadocondes;2001-11-29;0830;0.00;-3.26;92.70;51.25;0.19;31.33
BU05;Vadocondes;2001-11-29;0900;0.00;-1.97;91.70;167.20;0.23;155.60
BU05;Vadocondes;2001-11-29;0930;0.00;0.67;85.10;246.80;0.17;214.40
BU05;Vadocondes;2001-11-29;1000;0.00;2.46;79.30;313.30;0.31;325.60
BU05;Vadocondes;2001-11-29;1030;0.00;3.93;74.40;378.50;0.78;315.90
BU05;Vadocondes;2001-11-29;1100;0.00;5.34;70.60;423.00;0.84;314.20
BU05;Vadocondes;2001-11-29;1130;0.00;6.90;67.35;459.20;1.11;298.50
BU05;Vadocondes;2001-11-29;1200;0.00;8.14;65.72;471.80;2.06;306.90
BU05;Vadocondes;2001-11-29;1230;0.00;9.35;64.31;475.30;2.51;307.20
BU05;Vadocondes;2001-11-29;1300;0.00;10.22;63.59;458.70;2.54;308.80
BU05;Vadocondes;2001-11-29;1330;0.00;10.88;62.31;435.50;2.62;298.60
BU05;Vadocondes;2001-11-29;1400;0.00;11.24;60.14;393.00;2.89;292.70
BU05;Vadocondes;2001-11-29;1430;0.00;11.55;56.78;345.40;2.91;296.80
BU05;Vadocondes;2001-11-29;1500;0.00;11.48;57.19;277.50;2.31;291.80
BU05;Vadocondes;2001-11-29;1530;0.00;11.50;57.16;204.50;2.02;300.60
BU05;Vadocondes;2001-11-29;1600;0.00;11.27;57.27;123.80;2.02;303.00
BU05;Vadocondes;2001-11-29;1630;0.00;10.55;59.64;41.95;1.56;300.00
BU05;Vadocondes;2001-11-29;1700;0.00;8.69;63.24;6.10;0.63;257.60
BU05;Vadocondes;2001-11-29;1730;0.00;6.73;69.19;0.13;0.28;176.40
BU05;Vadocondes;2001-11-29;1800;0.00;5.14;75.50;0.00;0.77;156.30
BU05;Vadocondes;2001-11-29;1830;0.00;4.10;79.40;0.00;0.64;110.00
BU05;Vadocondes;2001-11-29;1900;0.00;3.41;81.30;0.00;0.66;102.00
BU05;Vadocondes;2001-11-29;1930;0.00;2.70;83.20;0.00;0.15;96.40
BU05;Vadocondes;2001-11-29;2000;0.00;1.29;85.30;0.00;0.56;99.20
BU05;Vadocondes;2001-11-29;2030;0.00;0.66;87.20;0.00;0.58;95.50
BU05;Vadocondes;2001-11-29;2100;0.00;0.26;87.80;0.01;0.21;114.90
BU05;Vadocondes;2001-11-29;2130;0.00;-0.54;89.80;0.01;0.60;95.30
BU05;Vadocondes;2001-11-29;2200;0.00;-0.94;90.90;0.00;0.11;125.60
BU05;Vadocondes;2001-11-29;2230;0.00;-1.37;91.60;0.00;0.26;98.50
BU05;Vadocondes;2001-11-29;2300;0.00;-1.82;92.30;0.00;0.29;124.90
BU05;Vadocondes;2001-11-29;2330;0.00;-1.93;92.30;0.00;0.38;92.10
BU05;Vadocondes;2001-11-29;2400;0.00;-2.42;92.60;0.00;0.38;155.80
LE01;Carracedelo;2001-11-29;0030;0.00;4.01;93.00;0.00;0.32;46.95
LE01;Carracedelo;2001-11-29;0100;0.00;2.66;93.70;0.00;0.12;66.45
LE01;Carracedelo;2001-11-29;0130;0.00;1.38;94.00;0.00;0.18;34.02
LE01;Carracedelo;2001-11-29;0200;0.00;1.04;95.20;0.00;0.27;91.60
LE01;Carracedelo;2001-11-29;0230;0.00;0.59;95.40;0.00;0.04;75.10
LE01;Carracedelo;2001-11-29;0300;0.00;-0.24;95.80;0.00;0.47;53.81
LE01;Carracedelo;2001-11-29;0330;0.00;0.44;96.30;0.00;0.12;68.26
LE01;Carracedelo;2001-11-29;0400;0.00;0.79;96.40;0.00;0.05;266.00
LE01;Carracedelo;2001-11-29;0430;0.00;1.80;96.20;0.00;0.35;344.00
LE01;Carracedelo;2001-11-29;0500;0.00;1.99;96.20;0.00;0.40;24.44
LE01;Carracedelo;2001-11-29;0530;0.00;2.24;96.40;0.00;0.38;157.80
LE01;Carracedelo;2001-11-29;0600;0.00;2.28;96.40;0.00;0.25;149.00
LE01;Carracedelo;2001-11-29;0630;0.00;2.12;96.40;0.00;0.56;311.10
LE01;Carracedelo;2001-11-29;0700;0.00;2.08;96.60;0.02;0.22;320.50
LE01;Carracedelo;2001-11-29;0730;0.00;2.45;96.50;3.34;0.08;351.30
LE01;Carracedelo;2001-11-29;0800;0.00;2.78;96.40;14.47;0.50;171.70
LE01;Carracedelo;2001-11-29;0830;0.00;2.96;96.30;26.74;0.63;135.70
LE01;Carracedelo;2001-11-29;0900;0.00;3.38;96.20;43.02;0.12;319.00
LE01;Carracedelo;2001-11-29;0930;0.00;3.86;96.00;51.20;0.22;107.50
LE01;Carracedelo;2001-11-29;1000;0.00;4.15;95.80;71.30;0.36;231.80
LE01;Carracedelo;2001-11-29;1030;0.00;4.53;95.70;82.00;0.25;120.80
LE01;Carracedelo;2001-11-29;1100;0.00;4.77;95.40;94.80;0.33;170.20
LE01;Carracedelo;2001-11-29;1130;0.00;5.23;94.60;89.00;0.49;303.40
LE01;Carracedelo;2001-11-29;1200;0.00;5.30;92.80;75.00;0.79;290.20
LE01;Carracedelo;2001-11-29;1230;0.00;5.41;91.70;88.90;0.76;228.40
LE01;Carracedelo;2001-11-29;1300;0.00;5.69;90.70;89.10;0.62;213.70
LE01;Carracedelo;2001-11-29;1330;0.00;5.66;90.10;87.50;0.79;239.10
LE01;Carracedelo;2001-11-29;1400;0.00;5.69;89.80;88.80;0.72;314.60
LE01;Carracedelo;2001-11-29;1430;0.00;5.71;89.80;77.40;0.67;123.00
LE01;Carracedelo;2001-11-29;1500;0.00;5.77;89.40;57.41;0.68;96.50
LE01;Carracedelo;2001-11-29;1530;0.00;5.71;89.70;38.13;0.39;178.50
LE01;Carracedelo;2001-11-29;1600;0.00;5.44;90.30;22.35;0.39;187.40
LE01;Carracedelo;2001-11-29;1630;0.00;4.62;91.30;7.51;0.31;145.70
LE01;Carracedelo;2001-11-29;1700;0.00;4.70;93.30;0.25;0.51;150.70
LE01;Carracedelo;2001-11-29;1730;0.00;4.93;93.70;0.00;0.21;262.10
LE01;Carracedelo;2001-11-29;1800;0.00;4.86;94.10;0.00;0.30;325.10
LE01;Carracedelo;2001-11-29;1830;0.00;4.81;94.50;0.00;0.36;35.26
LE01;Carracedelo;2001-11-29;1900;0.00;4.64;95.00;0.00;0.42;18.69
LE01;Carracedelo;2001-11-29;1930;0.00;4.53;95.40;0.00;0.57;52.89
LE01;Carracedelo;2001-11-29;2000;0.00;4.30;95.60;0.00;0.54;8.97
LE01;Carracedelo;2001-11-29;2030;0.00;4.17;96.00;0.00;0.58;11.75
LE01;Carracedelo;2001-11-29;2100;0.00;4.02;96.20;0.00;0.79;75.90
LE01;Carracedelo;2001-11-29;2130;0.00;3.84;96.30;0.00;0.32;59.81
LE01;Carracedelo;2001-11-29;2200;0.00;3.68;96.60;0.00;0.75;85.40
LE01;Carracedelo;2001-11-29;2230;0.00;3.46;96.70;0.00;0.87;60.03
LE01;Carracedelo;2001-11-29;2300;0.00;3.11;96.80;0.00;0.78;5.01
LE01;Carracedelo;2001-11-29;2330;0.00;3.04;96.90;0.00;0.86;351.10
LE01;Carracedelo;2001-11-29;2400;0.20;2.75;97.10;0.00;0.99;342.30
LE02;Mansilla mayor;2001-11-29;0030;0.00;-1.89;96.40;0.00;0.30;309.80
LE02;Mansilla mayor;2001-11-29;0100;0.00;-2.50;96.40;0.00;0.34;342.70
LE02;Mansilla mayor;2001-11-29;0130;0.00;-2.43;96.70;0.00;0.39;343.10
LE02;Mansilla mayor;2001-11-29;0200;0.00;-3.01;96.80;0.00;0.35;354.00
LE02;Mansilla mayor;2001-11-29;0230;0.00;-3.03;96.90;0.00;0.46;334.30
LE02;Mansilla mayor;2001-11-29;0300;0.00;-2.85;97.20;0.00;0.22;7.25
LE02;Mansilla mayor;2001-11-29;0330;0.00;-4.17;96.70;0.00;0.00;197.80
LE02;Mansilla mayor;2001-11-29;0400;0.00;-4.09;97.10;0.00;0.11;327.30
LE02;Mansilla mayor;2001-11-29;0430;0.00;-4.49;97.00;0.00;0.08;57.54
LE02;Mansilla mayor;2001-11-29;0500;0.00;-4.14;97.50;0.00;0.24;333.20
LE02;Mansilla mayor;2001-11-29;0530;0.00;-3.79;97.20;0.00;0.12;351.20
LE02;Mansilla mayor;2001-11-29;0600;0.00;-4.08;97.10;0.00;0.42;349.00
LE02;Mansilla mayor;2001-11-29;0630;0.00;-4.10;97.10;0.00;0.44;327.80
LE02;Mansilla mayor;2001-11-29;0700;0.00;-4.26;97.00;0.45;0.06;323.30
LE02;Mansilla mayor;2001-11-29;0730;0.00;-4.71;96.90;9.46;0.05;352.70
LE02;Mansilla mayor;2001-11-29;0800;0.00;-3.64;97.30;54.76;0.35;4.46
LE02;Mansilla mayor;2001-11-29;0830;0.00;-1.24;96.50;150.90;0.30;344.70
LE02;Mansilla mayor;2001-11-29;0900;0.00;0.32;94.70;231.60;0.36;298.10
LE02;Mansilla mayor;2001-11-29;0930;0.20;2.46;90.90;294.80;0.17;319.30
LE02;Mansilla mayor;2001-11-29;1000;0.00;4.62;83.30;345.10;0.35;139.40
LE02;Mansilla mayor;2001-11-29;1030;0.00;6.37;76.50;382.30;0.42;139.80
LE02;Mansilla mayor;2001-11-29;1100;0.00;7.90;73.00;404.30;0.70;136.60
LE02;Mansilla mayor;2001-11-29;1130;0.00;9.29;68.35;418.50;0.48;175.70
LE02;Mansilla mayor;2001-11-29;1200;0.00;10.40;64.00;436.20;0.71;193.40
LE02;Mansilla mayor;2001-11-29;1230;0.00;10.66;63.30;416.30;1.00;176.10
LE02;Mansilla mayor;2001-11-29;1300;0.00;11.17;60.78;398.90;1.01;208.70
LE02;Mansilla mayor;2001-11-29;1330;0.00;11.70;58.41;366.00;1.04;195.60
LE02;Mansilla mayor;2001-11-29;1400;0.00;11.37;59.53;323.20;1.19;192.90
LE02;Mansilla mayor;2001-11-29;1430;0.00;11.63;58.54;264.90;1.02;199.80
LE02;Mansilla mayor;2001-11-29;1500;0.00;11.64;58.70;204.40;0.88;205.90
LE02;Mansilla mayor;2001-11-29;1530;0.00;11.42;59.76;137.30;0.77;226.20
LE02;Mansilla mayor;2001-11-29;1600;0.00;10.64;62.69;63.34;0.49;221.10
LE02;Mansilla mayor;2001-11-29;1630;0.00;8.36;68.86;12.01;0.03;205.30
LE02;Mansilla mayor;2001-11-29;1700;0.00;5.32;79.60;1.09;0.12;246.10
LE02;Mansilla mayor;2001-11-29;1730;0.00;4.05;83.50;0.00;0.16;49.04
LE02;Mansilla mayor;2001-11-29;1800;0.00;2.66;86.00;0.00;0.32;27.72
LE02;Mansilla mayor;2001-11-29;1830;0.00;1.93;89.90;0.00;0.31;2.43
LE02;Mansilla mayor;2001-11-29;1900;0.00;0.73;90.70;0.00;0.19;324.40
LE02;Mansilla mayor;2001-11-29;1930;0.00;0.07;92.00;0.00;0.32;325.20
LE02;Mansilla mayor;2001-11-29;2000;0.00;-0.09;92.80;0.00;0.22;338.60
LE02;Mansilla mayor;2001-11-29;2030;0.00;-0.91;93.90;0.00;0.44;337.50
LE02;Mansilla mayor;2001-11-29;2100;0.00;-1.30;94.20;0.00;0.15;102.30
LE02;Mansilla mayor;2001-11-29;2130;0.00;-1.87;95.20;0.00;0.51;359.40
LE02;Mansilla mayor;2001-11-29;2200;0.00;-1.35;96.00;0.00;0.39;333.50
LE02;Mansilla mayor;2001-11-29;2230;0.00;-1.58;96.20;0.00;0.55;337.20
LE02;Mansilla mayor;2001-11-29;2300;0.00;-2.16;96.20;0.00;0.35;40.05
LE02;Mansilla mayor;2001-11-29;2330;0.00;-2.45;96.70;0.00;0.50;340.80
LE02;Mansilla mayor;2001-11-29;2400;0.00;-2.30;96.70;0.00;0.26;285.00
LE03;Cubillas de los Oteros;2001-11-29;0030;0.00;-1.70;94.60;0.00;0.19;38.84
LE03;Cubillas de los Oteros;2001-11-29;0100;0.00;-2.17;94.80;0.00;0.30;2.24
LE03;Cubillas de los Oteros;2001-11-29;0130;0.00;-2.52;95.10;0.00;0.58;11.75
LE03;Cubillas de los Oteros;2001-11-29;0200;0.00;-2.52;95.20;0.00;0.45;54.49
LE03;Cubillas de los Oteros;2001-11-29;0230;0.00;-2.78;95.30;0.00;0.70;52.26
LE03;Cubillas de los Oteros;2001-11-29;0300;0.00;-2.98;95.40;0.00;0.39;47.57
LE03;Cubillas de los Oteros;2001-11-29;0330;0.00;-3.05;95.40;0.00;0.04;334.60
LE03;Cubillas de los Oteros;2001-11-29;0400;0.00;-3.40;95.30;0.00;0.43;48.42
LE03;Cubillas de los Oteros;2001-11-29;0430;0.00;-2.89;95.60;0.00;0.50;45.88
LE03;Cubillas de los Oteros;2001-11-29;0500;0.00;-3.16;95.50;0.00;0.59;21.69
LE03;Cubillas de los Oteros;2001-11-29;0530;0.00;-3.51;95.40;0.00;0.46;14.43
LE03;Cubillas de los Oteros;2001-11-29;0600;0.00;-3.75;95.40;0.00;0.55;4.33
LE03;Cubillas de los Oteros;2001-11-29;0630;0.00;-3.69;95.30;0.00;0.50;39.29
LE03;Cubillas de los Oteros;2001-11-29;0700;0.00;-3.97;95.10;0.96;0.56;38.41
LE03;Cubillas de los Oteros;2001-11-29;0730;0.00;-3.94;95.10;13.52;0.65;49.17
LE03;Cubillas de los Oteros;2001-11-29;0800;0.00;-2.72;95.10;77.50;0.50;28.56
LE03;Cubillas de los Oteros;2001-11-29;0830;0.00;-1.15;94.70;168.90;0.55;8.51
LE03;Cubillas de los Oteros;2001-11-29;0900;0.00;0.43;93.20;217.10;0.91;5.11
LE03;Cubillas de los Oteros;2001-11-29;0930;0.20;1.93;89.60;276.10;0.73;57.93
LE03;Cubillas de los Oteros;2001-11-29;1000;0.00;3.52;84.50;333.00;0.47;57.42
LE03;Cubillas de los Oteros;2001-11-29;1030;0.00;5.55;78.10;384.50;0.54;107.60
LE03;Cubillas de los Oteros;2001-11-29;1100;0.00;7.60;72.70;411.20;0.71;173.80
LE03;Cubillas de los Oteros;2001-11-29;1130;0.00;8.79;67.68;419.60;0.78;231.60
LE03;Cubillas de los Oteros;2001-11-29;1200;0.00;9.61;65.41;435.80;1.01;191.70
LE03;Cubillas de los Oteros;2001-11-29;1230;0.00;10.18;63.08;410.80;1.28;180.10
LE03;Cubillas de los Oteros;2001-11-29;1300;0.00;10.66;60.87;392.20;1.64;177.80
LE03;Cubillas de los Oteros;2001-11-29;1330;0.00;10.59;61.22;363.40;1.27;177.70
LE03;Cubillas de los Oteros;2001-11-29;1400;0.00;10.83;60.56;319.40;1.62;195.30
LE03;Cubillas de los Oteros;2001-11-29;1430;0.00;11.40;58.98;258.60;1.32;213.10
LE03;Cubillas de los Oteros;2001-11-29;1500;0.00;11.51;58.15;192.00;1.48;209.10
LE03;Cubillas de los Oteros;2001-11-29;1530;0.00;11.26;58.80;124.40;1.13;204.60
LE03;Cubillas de los Oteros;2001-11-29;1600;0.00;10.64;61.28;59.41;0.80;207.70
LE03;Cubillas de los Oteros;2001-11-29;1630;0.00;8.91;65.73;10.97;0.60;191.00
LE03;Cubillas de los Oteros;2001-11-29;1700;0.00;6.58;75.20;0.65;0.98;186.10
LE03;Cubillas de los Oteros;2001-11-29;1730;0.00;5.17;79.70;0.00;0.63;169.70
LE03;Cubillas de los Oteros;2001-11-29;1800;0.00;4.41;82.80;0.00;0.62;170.10
LE03;Cubillas de los Oteros;2001-11-29;1830;0.00;3.28;85.00;0.00;0.20;43.94
LE03;Cubillas de los Oteros;2001-11-29;1900;0.00;2.38;87.80;0.00;0.23;72.90
LE03;Cubillas de los Oteros;2001-11-29;1930;0.00;1.61;88.60;0.00;0.21;41.02
LE03;Cubillas de los Oteros;2001-11-29;2000;0.00;0.66;90.40;0.00;0.47;54.12
LE03;Cubillas de los Oteros;2001-11-29;2030;0.00;0.08;91.30;0.00;0.69;26.37
LE03;Cubillas de los Oteros;2001-11-29;2100;0.00;0.12;92.70;0.00;0.58;71.40
LE03;Cubillas de los Oteros;2001-11-29;2130;0.00;0.80;93.00;0.00;0.43;79.20
LE03;Cubillas de los Oteros;2001-11-29;2200;0.00;-0.58;93.10;0.00;0.73;348.00
LE03;Cubillas de los Oteros;2001-11-29;2230;0.00;-1.15;93.90;0.00;0.56;59.03
LE03;Cubillas de los Oteros;2001-11-29;2300;0.00;-1.30;94.20;0.00;0.37;85.80
LE03;Cubillas de los Oteros;2001-11-29;2330;0.00;-2.21;94.50;0.00;0.62;17.61
LE03;Cubillas de los Oteros;2001-11-29;2400;0.00;-2.43;95.00;0.00;0.91;39.06
LE04;Zotes del Páramo;2001-11-29;0030;0.00;-1.23;93.00;0.00;0.34;78.90
LE04;Zotes del Páramo;2001-11-29;0100;0.00;-1.93;93.10;0.00;0.32;176.30
LE04;Zotes del Páramo;2001-11-29;0130;0.00;-2.25;93.60;0.00;0.46;43.04
LE04;Zotes del Páramo;2001-11-29;0200;0.00;-2.22;93.60;0.00;0.18;351.00
LE04;Zotes del Páramo;2001-11-29;0230;0.00;-2.15;93.60;0.00;0.01;278.90
LE04;Zotes del Páramo;2001-11-29;0300;0.00;-2.65;93.60;0.00;0.28;327.60
LE04;Zotes del Páramo;2001-11-29;0330;0.00;-2.85;93.90;0.00;0.15;297.70
LE04;Zotes del Páramo;2001-11-29;0400;0.00;-2.85;93.70;0.00;0.33;315.80
LE04;Zotes del Páramo;2001-11-29;0430;0.00;-3.05;93.80;0.00;0.59;9.59
LE04;Zotes del Páramo;2001-11-29;0500;0.00;-2.84;94.00;0.00;0.69;6.99
LE04;Zotes del Páramo;2001-11-29;0530;0.00;-2.94;93.90;0.00;0.52;22.39
LE04;Zotes del Páramo;2001-11-29;0600;0.00;-3.37;93.80;0.00;0.42;63.31
LE04;Zotes del Páramo;2001-11-29;0630;0.00;-3.39;94.10;0.00;0.53;52.56
LE04;Zotes del Páramo;2001-11-29;0700;0.00;-2.62;94.30;0.57;0.43;350.30
LE04;Zotes del Páramo;2001-11-29;0730;0.00;-3.17;94.00;7.19;0.76;347.50
LE04;Zotes del Páramo;2001-11-29;0800;0.00;-3.09;94.40;62.32;0.61;317.90
LE04;Zotes del Páramo;2001-11-29;0830;0.00;-1.89;94.20;166.20;0.80;308.40
LE04;Zotes del Páramo;2001-11-29;0900;0.00;-0.25;93.90;226.40;0.88;314.60
LE04;Zotes del Páramo;2001-11-29;0930;0.20;1.78;92.90;293.20;0.55;314.40
LE04;Zotes del Páramo;2001-11-29;1000;0.00;3.66;91.40;351.10;0.60;21.56
LE04;Zotes del Páramo;2001-11-29;1030;0.00;5.23;86.50;407.30;0.48;41.64
LE04;Zotes del Páramo;2001-11-29;1100;0.00;6.97;78.00;446.40;0.57;208.30
LE04;Zotes del Páramo;2001-11-29;1130;0.00;8.31;70.70;468.70;0.66;229.20
LE04;Zotes del Páramo;2001-11-29;1200;0.00;8.98;68.40;474.40;1.04;220.40
LE04;Zotes del Páramo;2001-11-29;1230;0.00;10.07;65.60;460.50;1.56;210.80
LE04;Zotes del Páramo;2001-11-29;1300;0.00;10.61;63.55;433.10;1.43;188.20
LE04;Zotes del Páramo;2001-11-29;1330;0.00;10.80;62.09;399.20;1.64;169.80
LE04;Zotes del Páramo;2001-11-29;1400;0.00;11.22;60.71;356.10;1.54;195.00
LE04;Zotes del Páramo;2001-11-29;1430;0.00;11.12;61.16;298.40;1.74;191.00
LE04;Zotes del Páramo;2001-11-29;1500;0.00;11.16;59.81;228.40;1.54;224.10
LE04;Zotes del Páramo;2001-11-29;1530;0.00;10.90;60.40;153.50;1.20;220.10
LE04;Zotes del Páramo;2001-11-29;1600;0.00;9.90;64.44;78.60;1.05;192.50
LE04;Zotes del Páramo;2001-11-29;1630;0.00;8.56;68.72;16.23;0.61;152.30
LE04;Zotes del Páramo;2001-11-29;1700;0.00;6.38;74.50;1.39;0.89;138.50
LE04;Zotes del Páramo;2001-11-29;1730;0.00;4.82;79.90;0.00;0.88;122.30
LE04;Zotes del Páramo;2001-11-29;1800;0.00;3.49;83.50;0.00;0.53;133.50
LE04;Zotes del Páramo;2001-11-29;1830;0.00;2.48;86.20;0.00;0.37;89.10
LE04;Zotes del Páramo;2001-11-29;1900;0.00;1.84;87.40;0.00;0.23;89.10
LE04;Zotes del Páramo;2001-11-29;1930;0.00;1.22;88.30;0.00;0.18;59.45
LE04;Zotes del Páramo;2001-11-29;2000;0.00;0.77;88.30;0.00;0.35;356.80
LE04;Zotes del Páramo;2001-11-29;2030;0.00;0.14;89.10;0.00;0.51;352.00
LE04;Zotes del Páramo;2001-11-29;2100;0.00;0.07;90.40;0.00;0.28;6.28
LE04;Zotes del Páramo;2001-11-29;2130;0.00;-0.38;90.60;0.00;0.05;185.00
LE04;Zotes del Páramo;2001-11-29;2200;0.00;-1.12;91.00;0.00;0.51;318.30
LE04;Zotes del Páramo;2001-11-29;2230;0.00;-1.29;91.90;0.00;0.58;14.08
LE04;Zotes del Páramo;2001-11-29;2300;0.00;-1.50;91.90;0.00;0.62;336.60
LE04;Zotes del Páramo;2001-11-29;2330;0.00;-1.77;92.30;0.00;0.58;342.10
LE04;Zotes del Páramo;2001-11-29;2400;0.00;-1.86;92.40;0.00;0.19;7.49
LE05;Quintana del Marco;2001-11-29;0030;0.00;-1.79;93.60;0.00;1.14;0.88
LE05;Quintana del Marco;2001-11-29;0100;0.00;-2.20;93.50;0.00;0.22;324.30
LE05;Quintana del Marco;2001-11-29;0130;0.00;-2.84;93.70;0.00;0.32;41.18
LE05;Quintana del Marco;2001-11-29;0200;0.00;-2.70;94.00;0.00;0.54;2.06
LE05;Quintana del Marco;2001-11-29;0230;0.00;-2.97;93.80;0.00;0.16;317.30
LE05;Quintana del Marco;2001-11-29;0300;0.00;-3.51;94.00;0.00;0.05;298.40
LE05;Quintana del Marco;2001-11-29;0330;0.00;-3.26;94.30;0.00;0.46;327.30
LE05;Quintana del Marco;2001-11-29;0400;0.00;-3.68;93.90;0.00;0.12;7.11
LE05;Quintana del Marco;2001-11-29;0430;0.00;-3.52;94.20;0.00;0.73;6.63
LE05;Quintana del Marco;2001-11-29;0500;0.00;-3.28;94.10;0.00;0.79;7.07
LE05;Quintana del Marco;2001-11-29;0530;0.00;-3.19;93.70;0.00;0.51;1.67
LE05;Quintana del Marco;2001-11-29;0600;0.00;-3.26;93.80;0.00;0.48;334.30
LE05;Quintana del Marco;2001-11-29;0630;0.00;-3.48;93.60;0.00;0.37;325.60
LE05;Quintana del Marco;2001-11-29;0700;0.00;-3.97;93.60;0.21;0.48;342.20
LE05;Quintana del Marco;2001-11-29;0730;0.00;-2.85;94.50;4.76;0.36;337.90
LE05;Quintana del Marco;2001-11-29;0800;0.00;-2.52;94.30;35.60;0.34;25.19
LE05;Quintana del Marco;2001-11-29;0830;0.00;-2.02;94.60;75.10;0.48;24.72
LE05;Quintana del Marco;2001-11-29;0900;0.00;-0.73;94.80;181.00;0.76;358.00
LE05;Quintana del Marco;2001-11-29;0930;0.20;0.84;94.40;228.50;0.47;264.70
LE05;Quintana del Marco;2001-11-29;1000;0.00;2.56;94.00;283.10;0.38;210.90
LE05;Quintana del Marco;2001-11-29;1030;0.00;4.83;90.40;378.90;0.34;349.10
LE05;Quintana del Marco;2001-11-29;1100;0.00;6.87;79.30;423.50;0.46;64.14
LE05;Quintana del Marco;2001-11-29;1130;0.00;8.34;72.60;441.80;0.93;149.30
LE05;Quintana del Marco;2001-11-29;1200;0.00;9.33;69.20;447.90;1.58;140.20
LE05;Quintana del Marco;2001-11-29;1230;0.00;10.13;65.08;435.10;1.85;155.20
LE05;Quintana del Marco;2001-11-29;1300;0.00;10.61;63.15;415.80;1.93;150.30
LE05;Quintana del Marco;2001-11-29;1330;0.00;10.84;62.51;382.20;1.79;131.90
LE05;Quintana del Marco;2001-11-29;1400;0.00;11.24;61.52;337.80;1.84;138.10
LE05;Quintana del Marco;2001-11-29;1430;0.00;11.44;61.05;283.60;1.85;146.00
LE05;Quintana del Marco;2001-11-29;1500;0.00;11.48;60.49;216.60;1.82;147.60
LE05;Quintana del Marco;2001-11-29;1530;0.00;11.37;61.10;150.00;1.62;154.00
LE05;Quintana del Marco;2001-11-29;1600;0.00;10.92;62.66;76.30;1.24;153.30
LE05;Quintana del Marco;2001-11-29;1630;0.00;9.36;66.95;16.55;0.51;125.80
LE05;Quintana del Marco;2001-11-29;1700;0.00;6.27;74.60;1.49;0.26;75.90
LE05;Quintana del Marco;2001-11-29;1730;0.00;4.24;79.30;0.00;0.02;73.90
LE05;Quintana del Marco;2001-11-29;1800;0.00;1.86;84.40;0.00;0.06;73.60
LE05;Quintana del Marco;2001-11-29;1830;0.00;1.02;87.30;0.00;0.08;323.50
LE05;Quintana del Marco;2001-11-29;1900;0.00;0.32;89.30;0.00;0.14;13.44
LE05;Quintana del Marco;2001-11-29;1930;0.00;-0.08;90.70;0.00;0.39;326.30
LE05;Quintana del Marco;2001-11-29;2000;0.00;-0.34;91.50;0.00;0.37;335.70
LE05;Quintana del Marco;2001-11-29;2030;0.00;-0.30;92.40;0.00;0.03;351.80
LE05;Quintana del Marco;2001-11-29;2100;0.00;-0.83;92.60;0.00;0.42;15.26
LE05;Quintana del Marco;2001-11-29;2130;0.00;-1.17;93.30;0.00;0.33;328.70
LE05;Quintana del Marco;2001-11-29;2200;0.00;-1.50;93.80;0.00;0.12;7.05
LE05;Quintana del Marco;2001-11-29;2230;0.00;-1.95;93.40;0.00;0.15;16.44
LE05;Quintana del Marco;2001-11-29;2300;0.00;-1.76;94.20;0.00;0.54;10.67
LE05;Quintana del Marco;2001-11-29;2330;0.00;-1.68;94.00;0.00;0.75;353.90
LE05;Quintana del Marco;2001-11-29;2400;0.00;-2.04;94.10;0.00;0.33;4.51
LE06;Hospital de Orbigo;2001-11-29;0030;0.00;-0.53;93.90;0.00;0.47;294.50
LE06;Hospital de Orbigo;2001-11-29;0100;0.00;-1.03;94.40;0.00;0.14;281.70
LE06;Hospital de Orbigo;2001-11-29;0130;0.00;-1.47;94.80;0.00;0.55;335.20
LE06;Hospital de Orbigo;2001-11-29;0200;0.00;-1.12;95.10;0.00;0.56;340.90
LE06;Hospital de Orbigo;2001-11-29;0230;0.00;-1.68;95.20;0.00;0.71;344.00
LE06;Hospital de Orbigo;2001-11-29;0300;0.00;-1.97;95.40;0.00;0.50;355.80
LE06;Hospital de Orbigo;2001-11-29;0330;0.00;-2.17;95.40;0.00;0.35;308.30
LE06;Hospital de Orbigo;2001-11-29;0400;0.00;-2.28;95.50;0.00;0.19;281.70
LE06;Hospital de Orbigo;2001-11-29;0430;0.00;-2.78;95.70;0.00;0.09;139.30
LE06;Hospital de Orbigo;2001-11-29;0500;0.00;-2.80;95.70;0.00;0.48;354.80
LE06;Hospital de Orbigo;2001-11-29;0530;0.00;-2.86;95.70;0.00;0.74;355.30
LE06;Hospital de Orbigo;2001-11-29;0600;0.00;-2.82;95.80;0.00;0.49;346.60
LE06;Hospital de Orbigo;2001-11-29;0630;0.00;-2.68;95.70;0.00;0.24;325.50
LE06;Hospital de Orbigo;2001-11-29;0700;0.00;-2.28;95.70;0.43;0.80;5.06
LE06;Hospital de Orbigo;2001-11-29;0730;0.00;-2.45;95.70;9.11;0.57;341.00
LE06;Hospital de Orbigo;2001-11-29;0800;0.00;-2.02;95.60;56.89;0.51;311.40
LE06;Hospital de Orbigo;2001-11-29;0830;0.00;-0.25;95.30;149.70;0.68;335.50
LE06;Hospital de Orbigo;2001-11-29;0900;0.00;1.06;94.40;204.00;0.87;17.59
LE06;Hospital de Orbigo;2001-11-29;0930;0.20;2.60;92.40;260.00;0.68;3.31
LE06;Hospital de Orbigo;2001-11-29;1000;0.00;5.33;86.60;314.40;0.13;34.07
LE06;Hospital de Orbigo;2001-11-29;1030;0.00;7.66;75.50;368.80;0.50;141.50
LE06;Hospital de Orbigo;2001-11-29;1100;0.00;8.28;71.90;407.90;1.09;168.00
LE06;Hospital de Orbigo;2001-11-29;1130;0.00;8.69;70.60;426.40;1.02;158.60
LE06;Hospital de Orbigo;2001-11-29;1200;0.00;9.43;67.82;427.10;1.13;173.90
LE06;Hospital de Orbigo;2001-11-29;1230;0.00;10.33;65.04;426.30;1.05;172.00
LE06;Hospital de Orbigo;2001-11-29;1300;0.00;10.64;63.48;399.80;1.00;164.30
LE06;Hospital de Orbigo;2001-11-29;1330;0.00;11.10;61.16;371.00;1.16;178.30
LE06;Hospital de Orbigo;2001-11-29;1400;0.00;11.17;62.15;326.30;1.29;168.50
LE06;Hospital de Orbigo;2001-11-29;1430;0.00;11.39;60.36;271.60;1.11;166.20
LE06;Hospital de Orbigo;2001-11-29;1500;0.00;11.19;60.97;205.70;1.52;179.60
LE06;Hospital de Orbigo;2001-11-29;1530;0.00;10.87;61.55;136.80;1.40;167.90
LE06;Hospital de Orbigo;2001-11-29;1600;0.00;10.56;62.35;67.59;0.75;162.10
LE06;Hospital de Orbigo;2001-11-29;1630;0.00;9.19;66.89;14.71;0.56;149.80
LE06;Hospital de Orbigo;2001-11-29;1700;0.00;7.30;72.20;1.26;0.38;198.20
LE06;Hospital de Orbigo;2001-11-29;1730;0.00;4.32;80.80;0.00;0.73;336.80
LE06;Hospital de Orbigo;2001-11-29;1800;0.00;3.23;83.80;0.00;0.35;298.50
LE06;Hospital de Orbigo;2001-11-29;1830;0.00;2.42;87.30;0.00;0.87;8.86
LE06;Hospital de Orbigo;2001-11-29;1900;0.00;1.87;89.30;0.00;0.95;3.91
LE06;Hospital de Orbigo;2001-11-29;1930;0.00;1.49;90.50;0.00;0.85;347.10
LE06;Hospital de Orbigo;2001-11-29;2000;0.00;1.31;91.40;0.00;0.97;352.90
LE06;Hospital de Orbigo;2001-11-29;2030;0.00;1.16;92.10;0.00;1.17;10.06
LE06;Hospital de Orbigo;2001-11-29;2100;0.00;1.16;92.40;0.00;0.45;316.80
LE06;Hospital de Orbigo;2001-11-29;2130;0.00;0.98;92.70;0.00;0.29;34.51
LE06;Hospital de Orbigo;2001-11-29;2200;0.00;-0.35;92.90;0.00;0.14;170.70
LE06;Hospital de Orbigo;2001-11-29;2230;0.00;-1.12;93.70;0.00;0.52;295.00
LE06;Hospital de Orbigo;2001-11-29;2300;0.00;-1.25;94.30;0.00;0.55;316.60
LE06;Hospital de Orbigo;2001-11-29;2330;0.00;-1.18;94.70;0.00;0.46;62.27
LE06;Hospital de Orbigo;2001-11-29;2400;0.00;-0.91;95.00;0.00;0.25;88.70
LE07;Bustillo del Páramo;2001-11-29;0030;0.00;-0.34;91.20;0.00;0.17;282.40
LE07;Bustillo del Páramo;2001-11-29;0100;0.00;-0.83;91.70;0.00;0.40;323.00
LE07;Bustillo del Páramo;2001-11-29;0130;0.00;-1.03;92.20;0.00;0.71;355.20
LE07;Bustillo del Páramo;2001-11-29;0200;0.00;-1.61;92.50;0.00;0.42;0.29
LE07;Bustillo del Páramo;2001-11-29;0230;0.00;-1.85;92.90;0.00;0.13;0.23
LE07;Bustillo del Páramo;2001-11-29;0300;0.00;-2.07;93.00;0.00;0.16;0.19
LE07;Bustillo del Páramo;2001-11-29;0330;0.00;-2.11;93.40;0.00;0.11;342.30
LE07;Bustillo del Páramo;2001-11-29;0400;0.00;-2.31;93.40;0.00;0.84;313.10
LE07;Bustillo del Páramo;2001-11-29;0430;0.00;-1.47;93.70;0.00;1.16;340.70
LE07;Bustillo del Páramo;2001-11-29;0500;0.00;-1.91;93.40;0.00;0.72;291.50
LE07;Bustillo del Páramo;2001-11-29;0530;0.00;-2.43;93.40;0.00;0.63;338.50
LE07;Bustillo del Páramo;2001-11-29;0600;0.00;-2.43;93.70;0.00;0.90;347.90
LE07;Bustillo del Páramo;2001-11-29;0630;0.00;-2.89;93.70;0.00;0.65;355.70
LE07;Bustillo del Páramo;2001-11-29;0700;0.00;-2.64;94.00;0.55;1.21;347.70
LE07;Bustillo del Páramo;2001-11-29;0730;0.00;-2.63;93.60;10.02;0.46;23.63
LE07;Bustillo del Páramo;2001-11-29;0800;0.00;-2.22;93.70;61.69;0.56;11.36
LE07;Bustillo del Páramo;2001-11-29;0830;0.00;-0.48;93.40;156.70;0.79;352.10
LE07;Bustillo del Páramo;2001-11-29;0900;0.00;1.55;92.30;206.60;0.87;343.50
LE07;Bustillo del Páramo;2001-11-29;0930;0.00;3.79;89.40;266.00;0.97;338.10
LE07;Bustillo del Páramo;2001-11-29;1000;0.00;5.85;83.90;327.90;0.47;271.10
LE07;Bustillo del Páramo;2001-11-29;1030;0.00;7.60;75.70;372.80;0.36;264.60
LE07;Bustillo del Páramo;2001-11-29;1100;0.00;8.46;72.90;413.30;0.90;251.40
LE07;Bustillo del Páramo;2001-11-29;1130;0.00;8.96;70.60;437.50;1.32;229.50
LE07;Bustillo del Páramo;2001-11-29;1200;0.00;9.60;67.25;433.30;1.34;198.90
LE07;Bustillo del Páramo;2001-11-29;1230;0.00;10.12;65.45;431.60;1.30;200.40
LE07;Bustillo del Páramo;2001-11-29;1300;0.00;10.74;62.81;361.20;1.14;194.60
LE07;Bustillo del Páramo;2001-11-29;1330;0.00;10.82;61.23;352.90;1.20;171.10
LE07;Bustillo del Páramo;2001-11-29;1400;0.00;11.16;60.04;339.30;1.41;203.20
LE07;Bustillo del Páramo;2001-11-29;1430;0.00;10.89;60.88;283.50;1.21;195.30
LE07;Bustillo del Páramo;2001-11-29;1500;0.00;11.00;60.86;220.60;1.34;194.80
LE07;Bustillo del Páramo;2001-11-29;1530;0.00;10.73;61.89;154.80;1.21;199.20
LE07;Bustillo del Páramo;2001-11-29;1600;0.00;10.10;63.77;82.80;0.73;201.20
LE07;Bustillo del Páramo;2001-11-29;1630;0.00;8.41;67.79;19.24;0.58;168.40
LE07;Bustillo del Páramo;2001-11-29;1700;0.00;6.74;73.30;1.47;0.51;159.70
LE07;Bustillo del Páramo;2001-11-29;1730;0.00;4.06;79.80;0.00;0.56;56.95
LE07;Bustillo del Páramo;2001-11-29;1800;0.00;3.54;82.80;0.03;0.47;45.67
LE07;Bustillo del Páramo;2001-11-29;1830;0.00;2.43;83.70;0.00;0.75;14.83
LE07;Bustillo del Páramo;2001-11-29;1900;0.00;1.55;86.00;0.00;0.68;10.37
LE07;Bustillo del Páramo;2001-11-29;1930;0.00;0.88;88.20;0.00;0.93;13.48
LE07;Bustillo del Páramo;2001-11-29;2000;0.00;0.62;89.60;0.00;0.90;11.79
LE07;Bustillo del Páramo;2001-11-29;2030;0.00;0.84;89.80;0.00;0.72;7.82
LE07;Bustillo del Páramo;2001-11-29;2100;0.00;0.26;90.30;0.00;0.01;12.59
LE07;Bustillo del Páramo;2001-11-29;2130;0.00;0.06;91.50;0.00;0.40;21.81
LE07;Bustillo del Páramo;2001-11-29;2200;0.00;-0.49;92.20;0.00;1.18;15.36
LE07;Bustillo del Páramo;2001-11-29;2230;0.00;0.53;92.50;0.00;0.87;1.92
LE07;Bustillo del Páramo;2001-11-29;2300;0.00;0.02;92.30;0.00;1.00;358.00
LE07;Bustillo del Páramo;2001-11-29;2330;0.00;-0.40;92.80;0.00;1.15;355.90
LE07;Bustillo del Páramo;2001-11-29;2400;0.00;-0.07;93.10;0.00;1.07;18.35
LE08;Sahagún;2001-11-29;0030;0.00;2.21;87.30;0.00;1.09;328.30
LE08;Sahagún;2001-11-29;0100;0.00;2.28;87.60;0.00;0.99;310.40
LE08;Sahagún;2001-11-29;0130;0.00;1.54;87.70;0.00;1.28;319.80
LE08;Sahagún;2001-11-29;0200;0.00;0.72;90.10;0.00;1.03;333.30
LE08;Sahagún;2001-11-29;0230;0.00;0.90;90.90;0.00;1.03;322.80
LE08;Sahagún;2001-11-29;0300;0.00;1.39;89.40;0.00;0.99;336.60
LE08;Sahagún;2001-11-29;0330;0.00;-0.19;90.70;0.00;0.90;349.60
LE08;Sahagún;2001-11-29;0400;0.00;0.64;91.70;0.00;1.31;1.01
LE08;Sahagún;2001-11-29;0430;0.00;0.86;90.20;0.00;0.94;347.00
LE08;Sahagún;2001-11-29;0500;0.00;0.46;91.30;0.00;0.65;331.00
LE08;Sahagún;2001-11-29;0530;0.00;0.86;91.30;0.00;0.82;317.40
LE08;Sahagún;2001-11-29;0600;0.00;-0.13;91.10;0.00;0.80;328.20
LE08;Sahagún;2001-11-29;0630;0.00;0.28;92.00;0.00;0.71;308.50
LE08;Sahagún;2001-11-29;0700;0.00;-0.50;90.80;0.38;0.81;316.80
LE08;Sahagún;2001-11-29;0730;0.00;-1.33;92.70;5.63;1.56;327.90
LE08;Sahagún;2001-11-29;0800;0.00;-0.43;92.90;55.30;0.63;318.30
LE08;Sahagún;2001-11-29;0830;0.00;1.18;91.20;124.80;0.32;334.20
LE08;Sahagún;2001-11-29;0900;0.00;2.26;87.50;189.90;0.25;6.43
LE08;Sahagún;2001-11-29;0930;0.00;4.49;80.30;249.70;0.37;235.20
LE08;Sahagún;2001-11-29;1000;0.00;5.78;73.50;315.00;0.44;255.30
LE08;Sahagún;2001-11-29;1030;0.00;6.85;72.00;365.10;0.76;197.80
LE08;Sahagún;2001-11-29;1100;0.00;8.10;68.34;402.60;0.55;187.50
LE08;Sahagún;2001-11-29;1130;0.00;9.25;65.57;423.00;1.06;175.20
LE08;Sahagún;2001-11-29;1200;0.00;9.52;63.99;438.00;1.11;174.40
LE08;Sahagún;2001-11-29;1230;0.00;9.99;62.67;428.60;1.29;187.30
LE08;Sahagún;2001-11-29;1300;0.00;10.36;60.50;409.80;0.96;196.20
LE08;Sahagún;2001-11-29;1330;0.00;10.38;60.54;378.60;1.30;188.90
LE08;Sahagún;2001-11-29;1400;0.00;10.11;61.02;335.90;1.41;203.20
LE08;Sahagún;2001-11-29;1430;0.00;10.19;60.71;282.70;1.40;201.70
LE08;Sahagún;2001-11-29;1500;0.00;10.64;59.08;214.30;1.17;223.00
LE08;Sahagún;2001-11-29;1530;0.00;10.24;60.72;122.90;1.53;202.70
LE08;Sahagún;2001-11-29;1600;0.00;9.46;63.01;26.88;0.81;222.70
LE08;Sahagún;2001-11-29;1630;0.00;8.88;64.91;12.42;0.45;220.70
LE08;Sahagún;2001-11-29;1700;0.00;8.06;67.91;1.62;0.40;221.10
LE08;Sahagún;2001-11-29;1730;0.00;7.72;69.41;0.00;0.48;235.30
LE08;Sahagún;2001-11-29;1800;0.00;7.19;71.60;0.00;0.45;224.50
LE08;Sahagún;2001-11-29;1830;0.00;6.59;74.30;0.00;0.39;282.50
LE08;Sahagún;2001-11-29;1900;0.00;5.45;77.80;0.00;0.26;232.90
LE08;Sahagún;2001-11-29;1930;0.00;4.32;82.50;0.00;0.52;307.60
LE08;Sahagún;2001-11-29;2000;0.00;4.54;81.00;0.00;0.30;175.50
LE08;Sahagún;2001-11-29;2030;0.00;3.69;83.90;0.00;0.34;320.60
LE08;Sahagún;2001-11-29;2100;0.00;3.49;85.90;0.00;0.06;327.60
LE08;Sahagún;2001-11-29;2130;0.00;3.69;86.50;0.00;0.32;307.70
LE08;Sahagún;2001-11-29;2200;0.00;2.95;86.80;0.00;0.40;304.60
LE08;Sahagún;2001-11-29;2230;0.00;2.61;87.90;0.00;0.35;211.20
LE08;Sahagún;2001-11-29;2300;0.00;1.65;89.50;0.00;0.89;311.80
LE08;Sahagún;2001-11-29;2330;0.00;0.69;91.80;0.00;0.48;336.50
LE08;Sahagún;2001-11-29;2400;0.00;0.82;92.80;0.00;0.51;314.90
LE09;Santas Martas;2001-11-29;0030;0.00;1.58;87.90;0.00;1.63;29.76
LE09;Santas Martas;2001-11-29;0100;0.00;1.47;88.60;0.00;1.53;32.31
LE09;Santas Martas;2001-11-29;0130;0.00;1.65;88.10;0.00;1.51;17.27
LE09;Santas Martas;2001-11-29;0200;0.00;0.44;89.10;0.00;1.60;47.88
LE09;Santas Martas;2001-11-29;0230;0.00;0.28;90.60;0.00;1.67;44.09
LE09;Santas Martas;2001-11-29;0300;0.00;0.83;90.40;0.00;1.65;46.78
LE09;Santas Martas;2001-11-29;0330;0.00;0.36;90.50;0.00;1.51;61.85
LE09;Santas Martas;2001-11-29;0400;0.00;-0.24;90.50;0.00;1.66;58.03
LE09;Santas Martas;2001-11-29;0430;0.00;-0.29;90.70;0.00;1.64;61.10
LE09;Santas Martas;2001-11-29;0500;0.00;0.27;91.00;0.00;1.68;58.96
LE09;Santas Martas;2001-11-29;0530;0.00;-0.18;90.30;0.00;1.70;61.52
LE09;Santas Martas;2001-11-29;0600;0.00;-0.46;91.30;0.00;1.63;51.41
LE09;Santas Martas;2001-11-29;0630;0.00;-0.67;91.50;0.00;1.48;66.03
LE09;Santas Martas;2001-11-29;0700;0.00;-0.44;91.90;0.42;1.46;53.29
LE09;Santas Martas;2001-11-29;0730;0.00;-0.44;92.00;7.80;1.53;39.99
LE09;Santas Martas;2001-11-29;0800;0.00;-0.33;91.90;59.37;1.16;37.37
LE09;Santas Martas;2001-11-29;0830;0.00;1.20;91.60;126.30;0.56;119.80
LE09;Santas Martas;2001-11-29;0900;0.00;4.14;88.00;177.00;0.11;164.90
LE09;Santas Martas;2001-11-29;0930;0.00;4.75;83.60;250.20;0.70;160.50
LE09;Santas Martas;2001-11-29;1000;0.00;6.17;80.00;305.50;0.72;159.10
LE09;Santas Martas;2001-11-29;1030;0.00;6.92;77.30;358.60;1.02;186.70
LE09;Santas Martas;2001-11-29;1100;0.00;7.87;73.60;398.30;1.08;180.20
LE09;Santas Martas;2001-11-29;1130;0.00;8.70;69.64;419.20;0.92;178.70
LE09;Santas Martas;2001-11-29;1200;0.00;9.65;65.19;435.10;0.71;224.20
LE09;Santas Martas;2001-11-29;1230;0.00;9.98;63.96;415.60;0.77;214.10
LE09;Santas Martas;2001-11-29;1300;0.00;10.02;63.45;404.80;1.47;178.70
LE09;Santas Martas;2001-11-29;1330;0.00;10.09;63.66;371.90;1.52;205.60
LE09;Santas Martas;2001-11-29;1400;0.00;10.20;62.96;330.10;1.99;180.30
LE09;Santas Martas;2001-11-29;1430;0.00;10.46;61.14;272.50;1.77;198.20
LE09;Santas Martas;2001-11-29;1500;0.00;10.31;61.60;207.90;2.00;189.70
LE09;Santas Martas;2001-11-29;1530;0.00;10.22;61.55;141.70;1.96;202.40
LE09;Santas Martas;2001-11-29;1600;0.00;9.95;63.10;74.00;1.86;205.60
LE09;Santas Martas;2001-11-29;1630;0.00;9.30;66.70;16.73;1.00;200.70
LE09;Santas Martas;2001-11-29;1700;0.00;7.81;71.60;1.46;1.15;173.00
LE09;Santas Martas;2001-11-29;1730;0.00;6.82;74.70;0.00;0.82;192.50
LE09;Santas Martas;2001-11-29;1800;0.00;6.13;77.00;0.00;0.59;190.10
LE09;Santas Martas;2001-11-29;1830;0.00;5.83;78.60;0.00;0.38;282.90
LE09;Santas Martas;2001-11-29;1900;0.00;5.88;78.50;0.00;0.11;290.10
LE09;Santas Martas;2001-11-29;1930;0.00;5.74;79.30;0.00;0.23;205.70
LE09;Santas Martas;2001-11-29;2000;0.00;4.16;82.60;0.00;0.91;18.25
LE09;Santas Martas;2001-11-29;2030;0.00;3.93;83.30;0.00;0.88;22.44
LE09;Santas Martas;2001-11-29;2100;0.00;1.71;86.30;0.00;1.28;75.60
LE09;Santas Martas;2001-11-29;2130;0.00;1.52;88.50;0.00;1.04;108.40
LE09;Santas Martas;2001-11-29;2200;0.00;2.81;88.80;0.00;0.92;129.50
LE09;Santas Martas;2001-11-29;2230;0.00;3.90;87.60;0.00;0.78;186.50
LE09;Santas Martas;2001-11-29;2300;0.00;3.27;86.70;0.00;0.47;64.86
LE09;Santas Martas;2001-11-29;2330;0.00;2.61;89.80;0.00;0.58;73.40
LE09;Santas Martas;2001-11-29;2400;0.00;2.65;90.20;0.00;0.32;148.70
P01;Torquemada;2001-11-29;0030;0.00;-1.29;89.40;0.00;0.62;298.20
P01;Torquemada;2001-11-29;0100;0.00;-1.34;90.00;0.00;0.50;216.20
P01;Torquemada;2001-11-29;0130;0.00;-1.69;91.00;0.00;0.45;283.90
P01;Torquemada;2001-11-29;0200;0.00;-1.89;90.40;0.00;0.36;244.60
P01;Torquemada;2001-11-29;0230;0.00;-2.45;91.50;0.00;0.12;334.40
P01;Torquemada;2001-11-29;0300;0.00;-2.45;92.00;0.00;0.20;305.30
P01;Torquemada;2001-11-29;0330;0.00;-2.60;93.10;0.00;0.33;297.70
P01;Torquemada;2001-11-29;0400;0.00;-3.13;93.20;0.00;0.30;289.20
P01;Torquemada;2001-11-29;0430;0.00;-3.76;93.30;0.00;0.36;36.06
P01;Torquemada;2001-11-29;0500;0.00;-3.95;93.40;0.00;0.45;295.50
P01;Torquemada;2001-11-29;0530;0.00;-3.63;93.80;0.00;0.43;222.00
P01;Torquemada;2001-11-29;0600;0.00;-3.41;93.60;0.00;0.59;249.00
P01;Torquemada;2001-11-29;0630;0.00;-3.77;93.40;0.00;0.54;226.60
P01;Torquemada;2001-11-29;0700;0.00;-3.97;93.50;0.54;0.62;242.00
P01;Torquemada;2001-11-29;0730;0.00;-3.91;93.80;5.46;0.67;238.50
P01;Torquemada;2001-11-29;0800;0.00;-4.39;93.80;31.32;0.71;45.85
P01;Torquemada;2001-11-29;0830;0.00;-3.03;93.70;120.10;0.78;52.79
P01;Torquemada;2001-11-29;0900;0.00;-1.45;92.00;198.10;0.72;61.51
P01;Torquemada;2001-11-29;0930;0.00;0.57;87.60;249.20;0.33;125.60
P01;Torquemada;2001-11-29;1000;0.00;2.56;79.70;314.80;0.46;151.40
P01;Torquemada;2001-11-29;1030;0.00;4.46;73.30;367.00;0.64;207.60
P01;Torquemada;2001-11-29;1100;0.00;5.64;70.80;402.20;0.79;227.50
P01;Torquemada;2001-11-29;1130;0.00;6.99;67.34;428.90;1.11;225.80
P01;Torquemada;2001-11-29;1200;0.00;8.19;64.53;439.70;1.38;224.90
P01;Torquemada;2001-11-29;1230;0.00;9.65;61.85;437.00;1.56;224.10
P01;Torquemada;2001-11-29;1300;0.00;10.60;59.44;421.50;1.64;228.20
P01;Torquemada;2001-11-29;1330;0.00;11.08;58.09;391.90;1.87;253.00
P01;Torquemada;2001-11-29;1400;0.00;11.59;55.90;349.00;2.10;234.80
P01;Torquemada;2001-11-29;1430;0.00;11.70;56.07;292.40;2.30;243.00
P01;Torquemada;2001-11-29;1500;0.00;11.72;54.85;228.20;1.72;238.10
P01;Torquemada;2001-11-29;1530;0.00;11.63;55.33;153.30;1.85;222.90
P01;Torquemada;2001-11-29;1600;0.00;10.89;57.34;77.30;1.42;220.70
P01;Torquemada;2001-11-29;1630;0.00;9.55;60.90;17.93;0.67;256.80
P01;Torquemada;2001-11-29;1700;0.00;6.78;68.41;1.40;0.85;280.20
P01;Torquemada;2001-11-29;1730;0.00;5.48;72.60;0.00;0.43;217.30
P01;Torquemada;2001-11-29;1800;0.00;4.82;75.60;0.00;0.42;233.70
P01;Torquemada;2001-11-29;1830;0.00;3.10;79.10;0.00;0.43;329.90
P01;Torquemada;2001-11-29;1900;0.00;2.72;82.10;0.00;0.35;271.30
P01;Torquemada;2001-11-29;1930;0.00;2.74;83.00;0.00;0.50;254.00
P01;Torquemada;2001-11-29;2000;0.00;0.88;85.40;0.00;0.31;349.20
P01;Torquemada;2001-11-29;2030;0.00;0.73;87.00;0.00;0.28;344.30
P01;Torquemada;2001-11-29;2100;0.00;0.89;88.90;0.00;0.26;304.90
P01;Torquemada;2001-11-29;2130;0.00;0.31;88.70;0.00;0.15;9.78
P01;Torquemada;2001-11-29;2200;0.00;0.22;89.20;0.00;0.65;268.40
P01;Torquemada;2001-11-29;2230;0.00;-0.45;90.30;0.00;0.63;266.20
P01;Torquemada;2001-11-29;2300;0.00;-0.76;90.90;0.00;0.32;272.60
P01;Torquemada;2001-11-29;2330;0.00;-1.57;91.10;0.00;0.23;356.20
P01;Torquemada;2001-11-29;2400;0.00;-1.07;92.00;0.00;0.10;316.50
P02;Villamuriel de Cerrato;2001-11-29;0030;0.00;-0.14;89.20;0.00;0.79;132.40
P02;Villamuriel de Cerrato;2001-11-29;0100;0.00;-0.52;88.70;0.00;0.21;91.20
P02;Villamuriel de Cerrato;2001-11-29;0130;0.00;-0.98;90.40;0.00;0.80;140.70
P02;Villamuriel de Cerrato;2001-11-29;0200;0.00;-0.87;91.50;0.00;0.84;148.50
P02;Villamuriel de Cerrato;2001-11-29;0230;0.00;-1.51;91.50;0.00;0.42;158.50
P02;Villamuriel de Cerrato;2001-11-29;0300;0.00;-1.71;92.10;0.00;0.45;190.50
P02;Villamuriel de Cerrato;2001-11-29;0330;0.00;-1.98;92.00;0.01;0.60;154.70
P02;Villamuriel de Cerrato;2001-11-29;0400;0.00;-1.95;92.20;0.02;0.39;145.50
P02;Villamuriel de Cerrato;2001-11-29;0430;0.00;-2.05;92.20;0.02;0.56;156.20
P02;Villamuriel de Cerrato;2001-11-29;0500;0.00;-2.71;92.50;0.01;0.26;134.30
P02;Villamuriel de Cerrato;2001-11-29;0530;0.00;-2.42;93.20;0.02;0.19;114.80
P02;Villamuriel de Cerrato;2001-11-29;0600;0.00;-2.62;93.50;0.01;0.34;166.70
P02;Villamuriel de Cerrato;2001-11-29;0630;0.00;-2.98;93.80;0.00;0.55;199.00
P02;Villamuriel de Cerrato;2001-11-29;0700;0.00;-3.26;94.10;0.65;0.72;177.20
P02;Villamuriel de Cerrato;2001-11-29;0730;0.00;-3.16;94.30;6.23;0.30;161.10
P02;Villamuriel de Cerrato;2001-11-29;0800;0.00;-3.21;94.20;55.28;0.21;101.90
P02;Villamuriel de Cerrato;2001-11-29;0830;0.00;-1.39;93.80;146.80;0.24;208.60
P02;Villamuriel de Cerrato;2001-11-29;0900;0.00;-0.04;90.50;205.50;0.61;183.90
P02;Villamuriel de Cerrato;2001-11-29;0930;0.00;1.32;85.20;265.10;0.66;187.00
P02;Villamuriel de Cerrato;2001-11-29;1000;0.00;3.17;79.00;326.80;0.76;186.70
P02;Villamuriel de Cerrato;2001-11-29;1030;0.00;4.12;75.20;368.30;1.09;175.80
P02;Villamuriel de Cerrato;2001-11-29;1100;0.00;5.16;72.90;404.10;1.26;220.30
P02;Villamuriel de Cerrato;2001-11-29;1130;0.00;6.71;70.60;424.50;1.35;227.80
P02;Villamuriel de Cerrato;2001-11-29;1200;0.00;7.78;69.00;430.80;0.98;235.70
P02;Villamuriel de Cerrato;2001-11-29;1230;0.00;9.05;64.34;424.70;0.68;220.90
P02;Villamuriel de Cerrato;2001-11-29;1300;0.00;10.07;61.20;405.70;1.03;202.70
P02;Villamuriel de Cerrato;2001-11-29;1330;0.00;11.15;57.85;379.40;1.51;216.40
P02;Villamuriel de Cerrato;2001-11-29;1400;0.00;11.60;56.35;328.00;2.00;214.40
P02;Villamuriel de Cerrato;2001-11-29;1430;0.00;11.60;56.05;274.40;2.28;221.00
P02;Villamuriel de Cerrato;2001-11-29;1500;0.00;11.71;55.69;209.60;2.15;219.30
P02;Villamuriel de Cerrato;2001-11-29;1530;0.00;11.58;56.49;141.80;1.91;223.10
P02;Villamuriel de Cerrato;2001-11-29;1600;0.00;11.02;58.50;62.22;1.55;221.40
P02;Villamuriel de Cerrato;2001-11-29;1630;0.00;9.54;62.34;12.66;0.87;193.40
P02;Villamuriel de Cerrato;2001-11-29;1700;0.00;8.13;66.47;0.99;0.24;187.10
P02;Villamuriel de Cerrato;2001-11-29;1730;0.00;6.82;71.30;0.00;0.40;166.70
P02;Villamuriel de Cerrato;2001-11-29;1800;0.00;6.54;73.50;0.00;0.51;132.10
P02;Villamuriel de Cerrato;2001-11-29;1830;0.00;5.30;76.10;0.00;0.79;136.30
P02;Villamuriel de Cerrato;2001-11-29;1900;0.00;4.60;79.10;0.00;0.62;163.50
P02;Villamuriel de Cerrato;2001-11-29;1930;0.00;4.53;80.80;0.00;0.39;165.00
P02;Villamuriel de Cerrato;2001-11-29;2000;0.00;4.02;81.20;0.00;0.85;177.20
P02;Villamuriel de Cerrato;2001-11-29;2030;0.00;3.20;84.00;0.00;0.81;152.90
P02;Villamuriel de Cerrato;2001-11-29;2100;0.00;3.02;85.00;0.00;1.04;157.00
P02;Villamuriel de Cerrato;2001-11-29;2130;0.00;1.31;87.20;0.00;0.31;161.80
P02;Villamuriel de Cerrato;2001-11-29;2200;0.00;0.89;90.10;0.00;0.44;121.80
P02;Villamuriel de Cerrato;2001-11-29;2230;0.00;0.61;90.80;0.00;0.64;156.90
P02;Villamuriel de Cerrato;2001-11-29;2300;0.00;0.49;92.20;0.00;0.61;132.20
P02;Villamuriel de Cerrato;2001-11-29;2330;0.00;0.79;92.00;0.00;0.70;143.30
P02;Villamuriel de Cerrato;2001-11-29;2400;0.00;0.19;91.40;0.00;0.40;180.10
P03;Fuentes de Nava;2001-11-29;0030;0.00;-1.42;89.40;0.00;0.19;336.20
P03;Fuentes de Nava;2001-11-29;0100;0.00;-1.91;89.40;0.00;0.25;15.62
P03;Fuentes de Nava;2001-11-29;0130;0.00;-2.66;90.10;0.00;0.08;173.20
P03;Fuentes de Nava;2001-11-29;0200;0.00;-3.06;90.10;0.00;0.11;192.10
P03;Fuentes de Nava;2001-11-29;0230;0.00;-3.74;90.60;0.00;0.14;354.00
P03;Fuentes de Nava;2001-11-29;0300;0.00;-3.55;91.20;0.00;0.16;62.13
P03;Fuentes de Nava;2001-11-29;0330;0.00;-3.66;91.10;0.00;0.11;135.50
P03;Fuentes de Nava;2001-11-29;0400;0.00;-3.84;91.60;0.00;0.14;57.16
P03;Fuentes de Nava;2001-11-29;0430;0.00;-4.04;91.80;0.00;0.58;14.27
P03;Fuentes de Nava;2001-11-29;0500;0.00;-4.23;91.80;0.00;0.35;354.20
P03;Fuentes de Nava;2001-11-29;0530;0.00;-4.41;91.80;0.00;0.17;56.49
P03;Fuentes de Nava;2001-11-29;0600;0.00;-4.63;91.50;0.00;0.11;226.20
P03;Fuentes de Nava;2001-11-29;0630;0.00;-4.81;91.40;0.00;0.10;235.80
P03;Fuentes de Nava;2001-11-29;0700;0.00;-4.88;91.90;0.38;0.08;133.90
P03;Fuentes de Nava;2001-11-29;0730;0.00;-5.16;93.30;5.22;0.58;36.50
P03;Fuentes de Nava;2001-11-29;0800;0.00;-4.58;94.20;47.13;0.96;11.83
P03;Fuentes de Nava;2001-11-29;0830;0.00;-2.89;94.30;123.90;0.92;6.80
P03;Fuentes de Nava;2001-11-29;0900;0.00;-0.51;93.50;183.00;0.51;89.30
P03;Fuentes de Nava;2001-11-29;0930;0.00;1.22;85.20;239.10;0.59;120.70
P03;Fuentes de Nava;2001-11-29;1000;0.00;3.12;78.00;302.80;0.62;151.60
P03;Fuentes de Nava;2001-11-29;1030;0.00;4.29;75.00;355.30;0.72;172.40
P03;Fuentes de Nava;2001-11-29;1100;0.00;5.66;72.10;391.40;0.68;205.80
P03;Fuentes de Nava;2001-11-29;1130;0.00;7.06;69.05;410.70;0.63;210.20
P03;Fuentes de Nava;2001-11-29;1200;0.00;7.76;67.48;422.10;0.65;219.40
P03;Fuentes de Nava;2001-11-29;1230;0.00;8.62;65.81;424.20;0.50;249.80
P03;Fuentes de Nava;2001-11-29;1300;0.00;9.26;64.45;403.80;0.75;277.00
P03;Fuentes de Nava;2001-11-29;1330;0.00;10.43;61.40;370.40;0.88;263.70
P03;Fuentes de Nava;2001-11-29;1400;0.00;11.11;59.25;328.40;1.23;260.70
P03;Fuentes de Nava;2001-11-29;1430;0.00;11.40;58.18;284.50;1.24;262.60
P03;Fuentes de Nava;2001-11-29;1500;0.00;11.66;56.59;229.90;1.39;255.20
P03;Fuentes de Nava;2001-11-29;1530;0.00;11.44;58.20;151.20;1.55;270.30
P03;Fuentes de Nava;2001-11-29;1600;0.00;10.95;59.36;78.70;1.06;271.50
P03;Fuentes de Nava;2001-11-29;1630;0.00;9.69;63.10;17.48;0.74;320.00
P03;Fuentes de Nava;2001-11-29;1700;0.00;6.82;70.90;1.10;0.85;339.90
P03;Fuentes de Nava;2001-11-29;1730;0.00;5.26;76.60;0.00;0.44;328.00
P03;Fuentes de Nava;2001-11-29;1800;0.00;4.52;75.40;0.00;0.15;276.80
P03;Fuentes de Nava;2001-11-29;1830;0.00;2.75;78.90;0.00;0.52;319.70
P03;Fuentes de Nava;2001-11-29;1900;0.00;2.27;81.10;0.00;0.56;111.00
P03;Fuentes de Nava;2001-11-29;1930;0.00;1.30;82.40;0.00;0.57;161.10
P03;Fuentes de Nava;2001-11-29;2000;0.00;0.64;84.40;0.00;0.23;225.30
P03;Fuentes de Nava;2001-11-29;2030;0.00;-0.19;84.50;0.00;0.18;34.31
P03;Fuentes de Nava;2001-11-29;2100;0.00;-1.15;87.30;0.00;0.29;62.05
P03;Fuentes de Nava;2001-11-29;2130;0.00;-0.79;89.20;0.00;0.13;225.20
P03;Fuentes de Nava;2001-11-29;2200;0.00;-1.29;88.70;0.00;0.14;16.56
P03;Fuentes de Nava;2001-11-29;2230;0.00;-2.21;88.70;0.00;0.20;2.36
P03;Fuentes de Nava;2001-11-29;2300;0.00;-2.04;89.50;0.00;0.59;63.32
P03;Fuentes de Nava;2001-11-29;2330;0.00;-2.34;90.30;0.00;0.40;26.32
P03;Fuentes de Nava;2001-11-29;2400;0.00;-2.30;89.20;0.00;0.50;0.03
P04;Villoldo;2001-11-29;0030;0.00;-0.22;91.10;0.05;0.63;331.20
P04;Villoldo;2001-11-29;0100;0.00;-0.46;92.50;0.03;0.89;327.70
P04;Villoldo;2001-11-29;0130;0.00;-1.14;93.60;0.00;0.43;346.90
P04;Villoldo;2001-11-29;0200;0.00;-1.85;94.00;0.00;0.44;8.95
P04;Villoldo;2001-11-29;0230;0.00;-1.81;94.10;0.00;0.39;0.93
P04;Villoldo;2001-11-29;0300;0.00;-2.30;94.10;0.00;0.37;235.70
P04;Villoldo;2001-11-29;0330;0.00;-2.57;94.40;0.00;0.76;3.03
P04;Villoldo;2001-11-29;0400;0.00;-2.33;94.60;0.00;0.59;349.10
P04;Villoldo;2001-11-29;0430;0.00;-2.51;94.60;0.00;0.58;333.30
P04;Villoldo;2001-11-29;0500;0.00;-2.64;94.80;0.00;0.56;335.10
P04;Villoldo;2001-11-29;0530;0.00;-2.60;94.80;0.00;0.41;334.20
P04;Villoldo;2001-11-29;0600;0.00;-3.25;94.80;0.00;0.15;349.40
P04;Villoldo;2001-11-29;0630;0.00;-3.23;94.80;0.00;0.17;260.80
P04;Villoldo;2001-11-29;0700;0.00;-3.81;94.40;0.66;0.31;60.68
P04;Villoldo;2001-11-29;0730;0.00;-4.01;95.20;5.06;0.57;21.48
P04;Villoldo;2001-11-29;0800;0.00;-3.44;95.20;31.15;0.16;359.00
P04;Villoldo;2001-11-29;0830;0.00;-1.89;95.40;114.90;0.06;324.90
P04;Villoldo;2001-11-29;0900;0.00;0.21;94.40;189.90;0.49;32.44
P04;Villoldo;2001-11-29;0930;0.00;2.44;90.40;238.30;0.83;158.30
P04;Villoldo;2001-11-29;1000;0.00;3.33;85.60;299.60;0.75;138.70
P04;Villoldo;2001-11-29;1030;0.00;4.63;80.50;341.50;0.74;145.10
P04;Villoldo;2001-11-29;1100;0.00;5.74;76.90;367.00;0.75;107.70
P04;Villoldo;2001-11-29;1130;0.00;6.81;74.50;387.40;0.72;145.00
P04;Villoldo;2001-11-29;1200;0.00;7.67;70.90;397.60;0.94;187.10
P04;Villoldo;2001-11-29;1230;0.00;8.89;66.71;395.70;1.05;223.10
P04;Villoldo;2001-11-29;1300;0.00;9.47;65.38;377.00;1.60;227.40
P04;Villoldo;2001-11-29;1330;0.00;10.16;63.85;345.40;1.84;220.00
P04;Villoldo;2001-11-29;1400;0.00;10.41;61.63;311.20;2.08;237.00
P04;Villoldo;2001-11-29;1430;0.00;10.54;61.19;263.80;2.34;236.90
P04;Villoldo;2001-11-29;1500;0.00;10.32;61.28;199.50;2.21;230.90
P04;Villoldo;2001-11-29;1530;0.00;10.34;62.44;132.90;2.28;244.30
P04;Villoldo;2001-11-29;1600;0.00;9.98;63.39;64.77;1.81;249.70
P04;Villoldo;2001-11-29;1630;0.00;8.98;66.46;14.18;1.19;264.40
P04;Villoldo;2001-11-29;1700;0.00;7.55;71.40;1.23;0.86;269.50
P04;Villoldo;2001-11-29;1730;0.00;6.49;75.30;0.00;1.24;273.40
P04;Villoldo;2001-11-29;1800;0.00;4.68;76.40;0.00;0.64;69.04
P04;Villoldo;2001-11-29;1830;0.00;2.77;83.30;0.00;0.35;47.82
P04;Villoldo;2001-11-29;1900;0.00;2.46;85.10;0.00;0.66;314.00
P04;Villoldo;2001-11-29;1930;0.00;2.08;86.90;0.00;0.22;179.10
P04;Villoldo;2001-11-29;2000;0.00;1.09;87.00;0.01;0.39;36.45
P04;Villoldo;2001-11-29;2030;0.00;0.19;88.80;0.03;0.49;98.20
P04;Villoldo;2001-11-29;2100;0.00;-0.04;89.40;0.04;0.38;43.87
P04;Villoldo;2001-11-29;2130;0.00;-0.61;89.80;0.03;0.09;88.20
P04;Villoldo;2001-11-29;2200;0.00;-0.73;91.00;0.01;0.15;92.70
P04;Villoldo;2001-11-29;2230;0.00;-1.05;91.30;0.00;0.68;57.48
P04;Villoldo;2001-11-29;2300;0.00;-1.25;92.10;0.00;0.19;61.91
P04;Villoldo;2001-11-29;2330;0.00;-1.54;92.40;0.00;0.15;16.14
P04;Villoldo;2001-11-29;2400;0.00;-1.65;92.80;0.00;0.31;7.90
P05;Lantadilla;2001-11-29;0030;0.00;1.14;89.00;0.00;0.53;314.50
P05;Lantadilla;2001-11-29;0100;0.00;0.59;90.40;0.00;0.02;271.20
P05;Lantadilla;2001-11-29;0130;0.00;-0.18;91.40;0.00;0.38;340.70
P05;Lantadilla;2001-11-29;0200;0.00;-0.51;92.40;0.00;0.55;336.20
P05;Lantadilla;2001-11-29;0230;0.00;-0.76;92.80;0.00;0.47;291.40
P05;Lantadilla;2001-11-29;0300;0.00;-1.32;92.80;0.00;0.17;233.70
P05;Lantadilla;2001-11-29;0330;0.00;-1.77;93.40;0.00;0.37;233.20
P05;Lantadilla;2001-11-29;0400;0.00;-1.62;93.50;0.00;0.18;260.30
P05;Lantadilla;2001-11-29;0430;0.00;-2.03;93.40;0.00;0.21;258.50
P05;Lantadilla;2001-11-29;0500;0.00;-2.26;93.50;0.00;0.23;240.70
P05;Lantadilla;2001-11-29;0530;0.00;-2.65;93.90;0.00;0.00;295.40
P05;Lantadilla;2001-11-29;0600;0.00;-2.34;94.10;0.00;0.14;102.50
P05;Lantadilla;2001-11-29;0630;0.00;-2.54;94.10;0.00;0.14;232.40
P05;Lantadilla;2001-11-29;0700;0.00;-2.67;94.50;0.97;0.16;239.30
P05;Lantadilla;2001-11-29;0730;0.00;-2.65;94.50;6.35;0.30;346.20
P05;Lantadilla;2001-11-29;0800;0.00;-2.20;94.60;61.05;0.00;0.00
P05;Lantadilla;2001-11-29;0830;0.00;-0.23;94.50;155.10;0.12;42.40
P05;Lantadilla;2001-11-29;0900;0.00;0.90;92.90;205.50;0.27;54.87
P05;Lantadilla;2001-11-29;0930;0.00;1.61;89.30;261.50;0.51;139.70
P05;Lantadilla;2001-11-29;1000;0.20;3.37;83.40;334.80;0.45;196.70
P05;Lantadilla;2001-11-29;1030;0.00;4.49;79.20;379.30;0.31;338.40
P05;Lantadilla;2001-11-29;1100;0.00;6.02;74.40;413.00;0.55;202.40
P05;Lantadilla;2001-11-29;1130;0.00;6.81;73.00;438.90;0.93;228.60
P05;Lantadilla;2001-11-29;1200;0.00;7.45;71.60;446.70;1.09;241.40
P05;Lantadilla;2001-11-29;1230;0.00;8.78;67.45;436.20;1.38;243.30
P05;Lantadilla;2001-11-29;1300;0.00;9.48;64.89;418.00;1.80;250.80
P05;Lantadilla;2001-11-29;1330;0.00;9.90;63.68;383.80;2.01;257.30
P05;Lantadilla;2001-11-29;1400;0.00;10.27;62.61;335.30;2.45;240.10
P05;Lantadilla;2001-11-29;1430;0.00;10.51;60.84;284.40;2.29;253.80
P05;Lantadilla;2001-11-29;1500;0.00;10.51;60.74;212.20;2.17;246.00
P05;Lantadilla;2001-11-29;1530;0.00;10.29;61.79;141.00;2.00;241.10
P05;Lantadilla;2001-11-29;1600;0.00;9.80;63.95;71.60;1.34;242.60
P05;Lantadilla;2001-11-29;1630;0.00;8.18;69.31;11.63;1.32;246.60
P05;Lantadilla;2001-11-29;1700;0.00;6.57;74.80;0.89;1.03;256.80
P05;Lantadilla;2001-11-29;1730;0.00;5.17;77.70;0.00;0.51;284.50
P05;Lantadilla;2001-11-29;1800;0.00;4.84;79.70;0.00;0.72;264.80
P05;Lantadilla;2001-11-29;1830;0.00;4.75;79.80;0.00;0.85;268.20
P05;Lantadilla;2001-11-29;1900;0.00;3.84;82.10;0.00;0.88;233.60
P05;Lantadilla;2001-11-29;1930;0.00;2.85;85.20;0.00;0.89;222.40
P05;Lantadilla;2001-11-29;2000;0.00;2.67;86.10;0.00;0.41;265.00
P05;Lantadilla;2001-11-29;2030;0.00;2.24;87.40;0.00;0.61;235.80
P05;Lantadilla;2001-11-29;2100;0.00;1.92;86.80;0.00;0.46;236.30
P05;Lantadilla;2001-11-29;2130;0.00;1.44;89.30;0.00;0.45;238.60
P05;Lantadilla;2001-11-29;2200;0.00;0.84;89.70;0.00;0.20;266.90
P05;Lantadilla;2001-11-29;2230;0.00;0.47;90.60;0.00;0.40;221.50
P05;Lantadilla;2001-11-29;2300;0.00;0.86;91.40;0.00;0.61;202.80
P05;Lantadilla;2001-11-29;2330;0.00;0.15;91.30;0.00;0.34;0.58
P05;Lantadilla;2001-11-29;2400;0.00;-0.54;92.30;0.00;0.21;16.30
P06;Herrera de Pisuerga;2001-11-29;0030;0.00;-1.03;94.60;0.00;0.35;341.30
P06;Herrera de Pisuerga;2001-11-29;0100;0.00;-1.18;94.80;0.00;0.49;342.70
P06;Herrera de Pisuerga;2001-11-29;0130;0.00;-1.36;94.90;0.00;0.61;341.40
P06;Herrera de Pisuerga;2001-11-29;0200;0.00;-1.26;95.10;0.00;0.66;351.90
P06;Herrera de Pisuerga;2001-11-29;0230;0.00;-0.91;95.00;0.00;0.32;0.90
P06;Herrera de Pisuerga;2001-11-29;0300;0.00;-1.56;94.90;0.00;0.47;330.30
P06;Herrera de Pisuerga;2001-11-29;0330;0.00;-1.85;95.30;0.00;0.44;331.60
P06;Herrera de Pisuerga;2001-11-29;0400;0.00;-1.88;95.10;0.00;0.48;348.40
P06;Herrera de Pisuerga;2001-11-29;0430;0.00;-2.08;95.20;0.00;0.51;332.20
P06;Herrera de Pisuerga;2001-11-29;0500;0.00;-2.15;95.50;0.00;0.64;329.70
P06;Herrera de Pisuerga;2001-11-29;0530;0.00;-2.22;95.40;0.00;0.48;342.10
P06;Herrera de Pisuerga;2001-11-29;0600;0.00;-2.51;95.40;0.00;0.55;331.90
P06;Herrera de Pisuerga;2001-11-29;0630;0.00;-2.55;95.30;0.00;0.54;323.60
P06;Herrera de Pisuerga;2001-11-29;0700;0.00;-2.73;95.40;0.61;0.63;336.00
P06;Herrera de Pisuerga;2001-11-29;0730;0.00;-3.05;95.30;4.78;0.47;5.96
P06;Herrera de Pisuerga;2001-11-29;0800;0.00;-2.70;95.60;48.08;0.12;324.60
P06;Herrera de Pisuerga;2001-11-29;0830;0.00;-1.08;95.20;137.20;0.09;331.10
P06;Herrera de Pisuerga;2001-11-29;0900;0.00;0.29;93.60;202.20;0.56;356.30
P06;Herrera de Pisuerga;2001-11-29;0930;0.00;1.10;91.50;244.10;0.77;327.20
P06;Herrera de Pisuerga;2001-11-29;1000;0.20;2.70;88.10;318.70;0.37;7.91
P06;Herrera de Pisuerga;2001-11-29;1030;0.00;4.49;82.60;368.30;0.42;269.10
P06;Herrera de Pisuerga;2001-11-29;1100;0.00;6.17;76.80;412.70;0.57;183.10
P06;Herrera de Pisuerga;2001-11-29;1130;0.00;6.98;73.60;433.30;0.68;238.80
P06;Herrera de Pisuerga;2001-11-29;1200;0.00;8.59;68.47;437.50;1.00;185.50
P06;Herrera de Pisuerga;2001-11-29;1230;0.00;9.01;68.80;427.80;2.47;191.60
P06;Herrera de Pisuerga;2001-11-29;1300;0.00;9.53;66.90;407.00;2.28;206.90
P06;Herrera de Pisuerga;2001-11-29;1330;0.00;10.25;64.04;376.30;2.51;232.00
P06;Herrera de Pisuerga;2001-11-29;1400;0.00;10.31;64.03;331.60;2.55;219.20
P06;Herrera de Pisuerga;2001-11-29;1430;0.00;10.52;61.82;276.00;2.39;226.80
P06;Herrera de Pisuerga;2001-11-29;1500;0.00;10.30;63.71;209.70;2.45;244.70
P06;Herrera de Pisuerga;2001-11-29;1530;0.00;10.16;64.53;134.80;2.08;234.10
P06;Herrera de Pisuerga;2001-11-29;1600;0.00;9.30;69.72;60.57;1.58;224.60
P06;Herrera de Pisuerga;2001-11-29;1630;0.00;8.11;74.10;12.63;0.84;246.80
P06;Herrera de Pisuerga;2001-11-29;1700;0.00;6.03;79.80;0.76;0.80;223.80
P06;Herrera de Pisuerga;2001-11-29;1730;0.00;5.48;81.00;0.00;0.41;113.70
P06;Herrera de Pisuerga;2001-11-29;1800;0.00;5.80;79.00;0.00;0.16;162.30
P06;Herrera de Pisuerga;2001-11-29;1830;0.00;4.66;81.00;0.00;0.12;235.60
P06;Herrera de Pisuerga;2001-11-29;1900;0.00;2.76;87.10;0.00;0.15;318.70
P06;Herrera de Pisuerga;2001-11-29;1930;0.00;1.96;90.20;0.00;0.32;83.10
P06;Herrera de Pisuerga;2001-11-29;2000;0.00;1.10;91.90;0.00;0.42;321.80
P06;Herrera de Pisuerga;2001-11-29;2030;0.00;0.29;92.60;0.00;0.15;12.74
P06;Herrera de Pisuerga;2001-11-29;2100;0.00;-0.31;93.30;0.00;0.18;48.99
P06;Herrera de Pisuerga;2001-11-29;2130;0.00;-0.52;93.30;0.00;0.16;326.80
P06;Herrera de Pisuerga;2001-11-29;2200;0.00;-0.85;93.90;0.00;0.53;341.60
P06;Herrera de Pisuerga;2001-11-29;2230;0.00;-1.43;94.00;0.00;0.60;357.20
P06;Herrera de Pisuerga;2001-11-29;2300;0.00;-1.43;94.50;0.00;0.35;17.24
P06;Herrera de Pisuerga;2001-11-29;2330;0.00;-1.56;94.90;0.00;0.34;2.30
P06;Herrera de Pisuerga;2001-11-29;2400;0.00;-1.76;94.90;0.00;0.14;186.20
P07;Villaluenga de la Vega;2001-11-29;0030;0.00;-1.47;95.30;0.00;0.24;50.85
P07;Villaluenga de la Vega;2001-11-29;0100;0.00;-1.98;95.50;0.00;0.48;335.40
P07;Villaluenga de la Vega;2001-11-29;0130;0.00;-1.42;95.80;0.00;0.95;347.20
P07;Villaluenga de la Vega;2001-11-29;0200;0.00;-1.24;95.80;0.00;0.68;351.80
P07;Villaluenga de la Vega;2001-11-29;0230;0.00;-0.98;95.80;0.00;0.78;337.40
P07;Villaluenga de la Vega;2001-11-29;0300;0.00;-0.93;95.70;0.00;0.62;354.60
P07;Villaluenga de la Vega;2001-11-29;0330;0.00;-1.11;95.60;0.00;0.47;335.00
P07;Villaluenga de la Vega;2001-11-29;0400;0.00;-1.14;95.50;0.00;0.45;354.60
P07;Villaluenga de la Vega;2001-11-29;0430;0.00;-1.67;95.60;0.00;0.43;352.90
P07;Villaluenga de la Vega;2001-11-29;0500;0.00;-1.65;95.90;0.00;0.71;349.20
P07;Villaluenga de la Vega;2001-11-29;0530;0.00;-1.44;95.80;0.00;0.74;349.30
P07;Villaluenga de la Vega;2001-11-29;0600;0.00;-1.09;95.70;0.00;1.09;358.70
P07;Villaluenga de la Vega;2001-11-29;0630;0.00;-0.82;95.10;0.00;1.29;2.20
P07;Villaluenga de la Vega;2001-11-29;0700;0.00;-0.82;94.50;0.50;1.27;2.60
P07;Villaluenga de la Vega;2001-11-29;0730;0.00;-0.73;94.20;4.98;1.60;1.12
P07;Villaluenga de la Vega;2001-11-29;0800;0.00;-0.44;93.80;51.25;1.25;1.78
P07;Villaluenga de la Vega;2001-11-29;0830;0.00;0.50;93.20;167.50;0.88;357.90
P07;Villaluenga de la Vega;2001-11-29;0900;0.20;1.87;91.40;233.80;1.17;8.46
P07;Villaluenga de la Vega;2001-11-29;0930;0.00;3.41;87.50;290.70;0.75;27.98
P07;Villaluenga de la Vega;2001-11-29;1000;0.00;5.50;83.00;343.50;0.32;37.33
P07;Villaluenga de la Vega;2001-11-29;1030;0.00;7.08;74.20;397.80;0.51;34.77
P07;Villaluenga de la Vega;2001-11-29;1100;0.00;8.06;72.20;423.50;0.51;219.60
P07;Villaluenga de la Vega;2001-11-29;1130;0.00;8.92;69.21;441.60;0.79;180.10
P07;Villaluenga de la Vega;2001-11-29;1200;0.00;9.38;67.83;437.70;0.82;196.40
P07;Villaluenga de la Vega;2001-11-29;1230;0.00;10.22;64.64;445.70;1.08;252.30
P07;Villaluenga de la Vega;2001-11-29;1300;0.00;10.42;64.46;427.00;1.11;226.60
P07;Villaluenga de la Vega;2001-11-29;1330;0.00;10.91;62.46;395.90;1.07;230.10
P07;Villaluenga de la Vega;2001-11-29;1400;0.00;10.92;60.82;353.30;1.60;274.10
P07;Villaluenga de la Vega;2001-11-29;1430;0.00;10.61;62.25;296.70;1.79;279.60
P07;Villaluenga de la Vega;2001-11-29;1500;0.00;10.23;62.78;226.10;1.69;273.50
P07;Villaluenga de la Vega;2001-11-29;1530;0.00;9.87;63.40;148.60;1.57;269.20
P07;Villaluenga de la Vega;2001-11-29;1600;0.00;9.11;66.65;71.60;1.42;272.50
P07;Villaluenga de la Vega;2001-11-29;1630;0.00;7.66;72.00;15.37;1.11;275.40
P07;Villaluenga de la Vega;2001-11-29;1700;0.00;5.77;77.70;1.51;0.43;294.50
P07;Villaluenga de la Vega;2001-11-29;1730;0.00;3.39;86.20;0.00;0.56;314.00
P07;Villaluenga de la Vega;2001-11-29;1800;0.00;2.64;89.20;0.00;0.30;94.40
P07;Villaluenga de la Vega;2001-11-29;1830;0.00;1.42;90.50;0.00;0.19;37.84
P07;Villaluenga de la Vega;2001-11-29;1900;0.00;0.68;92.60;0.00;0.14;331.10
P07;Villaluenga de la Vega;2001-11-29;1930;0.00;0.45;93.70;0.00;0.38;334.50
P07;Villaluenga de la Vega;2001-11-29;2000;0.00;-0.13;94.20;0.00;0.24;162.90
P07;Villaluenga de la Vega;2001-11-29;2030;0.00;-0.20;94.90;0.00;0.35;306.50
P07;Villaluenga de la Vega;2001-11-29;2100;0.00;0.18;95.30;0.00;0.53;335.50
P07;Villaluenga de la Vega;2001-11-29;2130;0.00;-0.51;95.10;0.00;0.21;115.00
P07;Villaluenga de la Vega;2001-11-29;2200;0.00;-0.87;95.50;0.00;0.28;12.03
P07;Villaluenga de la Vega;2001-11-29;2230;0.00;-1.16;95.50;0.00;0.27;37.56
P07;Villaluenga de la Vega;2001-11-29;2300;0.00;-1.42;95.90;0.00;0.45;344.00
P07;Villaluenga de la Vega;2001-11-29;2330;0.00;-1.18;96.00;0.00;0.39;336.70
P07;Villaluenga de la Vega;2001-11-29;2400;0.00;-0.98;96.20;0.00;0.69;351.30
SA01;Ciudad Rodrigo;2001-11-29;0030;0.00;-1.63;99.80;0.00;0.14;174.10
SA01;Ciudad Rodrigo;2001-11-29;0100;0.00;-2.01;99.80;0.00;0.12;196.80
SA01;Ciudad Rodrigo;2001-11-29;0130;0.00;-2.21;100.00;0.00;0.09;201.50
SA01;Ciudad Rodrigo;2001-11-29;0200;0.00;-2.32;100.00;0.00;0.15;187.50
SA01;Ciudad Rodrigo;2001-11-29;0230;0.00;-2.45;99.90;0.00;0.23;176.10
SA01;Ciudad Rodrigo;2001-11-29;0300;0.00;-2.89;99.90;0.00;0.16;214.30
SA01;Ciudad Rodrigo;2001-11-29;0330;0.00;-2.71;100.00;0.00;0.15;307.70
SA01;Ciudad Rodrigo;2001-11-29;0400;0.00;-3.03;100.00;0.00;0.16;204.70
SA01;Ciudad Rodrigo;2001-11-29;0430;0.00;-3.36;100.00;0.00;0.17;120.70
SA01;Ciudad Rodrigo;2001-11-29;0500;0.00;-3.29;100.00;0.00;0.09;18.86
SA01;Ciudad Rodrigo;2001-11-29;0530;0.00;-3.65;100.00;0.00;0.01;17.65
SA01;Ciudad Rodrigo;2001-11-29;0600;0.00;-3.74;100.00;0.00;0.13;77.70
SA01;Ciudad Rodrigo;2001-11-29;0630;0.00;-3.92;100.00;0.00;0.07;142.30
SA01;Ciudad Rodrigo;2001-11-29;0700;0.00;-3.94;100.00;0.98;0.12;144.20
SA01;Ciudad Rodrigo;2001-11-29;0730;0.00;-4.00;100.00;9.29;0.14;144.40
SA01;Ciudad Rodrigo;2001-11-29;0800;0.00;-3.31;100.00;54.82;0.11;206.90
SA01;Ciudad Rodrigo;2001-11-29;0830;0.00;-1.89;99.90;159.70;0.18;313.10
SA01;Ciudad Rodrigo;2001-11-29;0900;0.00;-0.33;98.70;218.00;0.08;331.00
SA01;Ciudad Rodrigo;2001-11-29;0930;0.00;1.90;90.30;281.00;0.26;264.00
SA01;Ciudad Rodrigo;2001-11-29;1000;0.00;3.66;83.90;337.30;0.24;275.50
SA01;Ciudad Rodrigo;2001-11-29;1030;0.00;6.31;73.70;380.10;0.28;241.70
SA01;Ciudad Rodrigo;2001-11-29;1100;0.00;7.33;72.10;430.00;0.53;275.30
SA01;Ciudad Rodrigo;2001-11-29;1130;0.00;8.75;67.72;436.20;0.47;275.80
SA01;Ciudad Rodrigo;2001-11-29;1200;0.00;10.34;62.70;453.80;0.34;254.00
SA01;Ciudad Rodrigo;2001-11-29;1230;0.00;11.51;58.05;450.70;0.61;249.70
SA01;Ciudad Rodrigo;2001-11-29;1300;0.00;13.29;53.08;432.70;0.68;257.80
SA01;Ciudad Rodrigo;2001-11-29;1330;0.00;14.36;48.48;401.40;0.81;282.60
SA01;Ciudad Rodrigo;2001-11-29;1400;0.00;14.94;46.32;359.80;0.87;287.50
SA01;Ciudad Rodrigo;2001-11-29;1430;0.00;15.25;46.48;307.00;0.94;261.60
SA01;Ciudad Rodrigo;2001-11-29;1500;0.20;14.80;47.67;243.90;1.03;266.50
SA01;Ciudad Rodrigo;2001-11-29;1530;0.00;14.52;49.64;172.30;1.22;279.20
SA01;Ciudad Rodrigo;2001-11-29;1600;0.00;13.53;56.17;73.90;0.63;295.50
SA01;Ciudad Rodrigo;2001-11-29;1630;0.00;13.24;56.46;23.53;0.23;258.60
SA01;Ciudad Rodrigo;2001-11-29;1700;0.00;9.25;70.70;1.57;0.07;190.40
SA01;Ciudad Rodrigo;2001-11-29;1730;0.00;6.56;80.10;0.00;0.31;166.10
SA01;Ciudad Rodrigo;2001-11-29;1800;0.00;5.59;82.40;0.00;0.26;169.10
SA01;Ciudad Rodrigo;2001-11-29;1830;0.00;4.48;86.10;0.00;0.56;149.80
SA01;Ciudad Rodrigo;2001-11-29;1900;0.00;4.53;86.10;0.00;0.28;138.80
SA01;Ciudad Rodrigo;2001-11-29;1930;0.00;3.26;87.90;0.00;0.08;142.50
SA01;Ciudad Rodrigo;2001-11-29;2000;0.00;1.90;90.00;0.00;0.21;151.60
SA01;Ciudad Rodrigo;2001-11-29;2030;0.00;1.45;93.90;0.00;0.21;158.70
SA01;Ciudad Rodrigo;2001-11-29;2100;0.00;1.00;95.20;0.00;0.04;152.30
SA01;Ciudad Rodrigo;2001-11-29;2130;0.00;0.36;98.00;0.00;0.15;167.80
SA01;Ciudad Rodrigo;2001-11-29;2200;0.00;-0.12;99.10;0.00;0.13;170.10
SA01;Ciudad Rodrigo;2001-11-29;2230;0.00;-0.35;99.10;0.00;0.04;169.70
SA01;Ciudad Rodrigo;2001-11-29;2300;0.00;-0.73;99.70;0.00;0.11;160.10
SA01;Ciudad Rodrigo;2001-11-29;2330;0.00;-0.91;99.90;0.00;0.16;153.80
SA01;Ciudad Rodrigo;2001-11-29;2400;0.00;-0.93;99.80;0.00;0.25;161.10
SA02;Aldearrubia;2001-11-29;0030;0.00;-3.62;92.50;0.00;0.07;63.56
SA02;Aldearrubia;2001-11-29;0100;0.00;-3.71;92.60;0.00;0.07;57.83
SA02;Aldearrubia;2001-11-29;0130;0.00;-4.05;92.70;0.00;0.01;50.80
SA02;Aldearrubia;2001-11-29;0200;0.00;-4.00;93.10;0.00;0.20;331.40
SA02;Aldearrubia;2001-11-29;0230;0.00;-3.96;93.00;0.00;0.05;21.12
SA02;Aldearrubia;2001-11-29;0300;0.00;-3.89;93.60;0.00;0.09;168.70
SA02;Aldearrubia;2001-11-29;0330;0.00;-4.27;93.10;0.00;0.04;152.20
SA02;Aldearrubia;2001-11-29;0400;0.00;-4.65;93.30;0.00;0.04;0.21
SA02;Aldearrubia;2001-11-29;0430;0.00;-4.98;93.40;0.00;0.00;92.20
SA02;Aldearrubia;2001-11-29;0500;0.00;-4.94;93.50;0.00;0.01;68.01
SA02;Aldearrubia;2001-11-29;0530;0.00;-5.22;93.40;0.00;0.05;7.34
SA02;Aldearrubia;2001-11-29;0600;0.00;-5.49;93.40;0.00;0.01;351.00
SA02;Aldearrubia;2001-11-29;0630;0.00;-5.29;93.60;0.00;0.00;351.50
SA02;Aldearrubia;2001-11-29;0700;0.00;-5.25;93.60;0.77;0.00;351.50
SA02;Aldearrubia;2001-11-29;0730;0.00;-5.31;93.90;10.97;0.00;0.00
SA02;Aldearrubia;2001-11-29;0800;0.00;-4.77;94.10;22.40;0.05;351.30
SA02;Aldearrubia;2001-11-29;0830;0.00;-2.68;94.60;28.26;0.14;24.50
SA02;Aldearrubia;2001-11-29;0900;0.00;-0.05;94.70;228.30;0.20;121.50
SA02;Aldearrubia;2001-11-29;0930;0.00;3.19;89.70;332.50;0.25;116.10
SA02;Aldearrubia;2001-11-29;1000;0.00;4.84;83.60;386.90;0.39;177.40
SA02;Aldearrubia;2001-11-29;1030;0.00;7.28;71.20;431.70;0.29;250.30
SA02;Aldearrubia;2001-11-29;1100;0.00;9.38;62.29;463.90;0.63;173.40
SA02;Aldearrubia;2001-11-29;1130;0.00;11.25;54.35;492.20;0.55;181.40
SA02;Aldearrubia;2001-11-29;1200;0.00;12.44;50.78;500.70;0.59;195.80
SA02;Aldearrubia;2001-11-29;1230;0.00;13.43;46.64;495.90;0.70;258.00
SA02;Aldearrubia;2001-11-29;1300;0.00;13.39;46.20;475.10;0.68;257.20
SA02;Aldearrubia;2001-11-29;1330;0.00;13.16;45.95;440.20;0.78;245.70
SA02;Aldearrubia;2001-11-29;1400;0.00;13.41;45.98;394.20;0.68;249.10
SA02;Aldearrubia;2001-11-29;1430;0.00;14.17;43.99;336.40;0.98;262.10
SA02;Aldearrubia;2001-11-29;1500;0.00;14.44;42.87;265.00;0.63;253.00
SA02;Aldearrubia;2001-11-29;1530;0.00;14.24;43.18;184.60;0.61;296.30
SA02;Aldearrubia;2001-11-29;1600;0.00;13.81;45.31;104.00;0.61;265.50
SA02;Aldearrubia;2001-11-29;1630;0.00;12.31;50.54;24.07;0.21;279.10
SA02;Aldearrubia;2001-11-29;1700;0.00;7.91;63.55;1.79;0.19;341.20
SA02;Aldearrubia;2001-11-29;1730;0.00;5.10;72.10;0.02;0.03;19.43
SA02;Aldearrubia;2001-11-29;1800;0.00;3.36;77.50;0.01;0.24;40.35
SA02;Aldearrubia;2001-11-29;1830;0.00;2.63;79.60;0.01;0.06;30.83
SA02;Aldearrubia;2001-11-29;1900;0.00;1.75;83.20;0.01;0.01;69.26
SA02;Aldearrubia;2001-11-29;1930;0.00;0.85;86.20;0.00;0.01;69.27
SA02;Aldearrubia;2001-11-29;2000;0.00;0.65;86.80;0.00;0.17;335.00
SA02;Aldearrubia;2001-11-29;2030;0.00;-0.33;87.30;0.00;0.05;71.40
SA02;Aldearrubia;2001-11-29;2100;0.00;-0.90;89.60;0.00;0.09;22.27
SA02;Aldearrubia;2001-11-29;2130;0.00;-0.88;90.40;0.00;0.03;25.94
SA02;Aldearrubia;2001-11-29;2200;0.00;-1.77;90.70;0.00;0.01;34.84
SA02;Aldearrubia;2001-11-29;2230;0.00;-1.99;91.20;0.00;0.00;35.21
SA02;Aldearrubia;2001-11-29;2300;0.00;-2.23;91.60;0.00;0.00;0.00
SA02;Aldearrubia;2001-11-29;2330;0.00;-2.50;92.10;0.00;0.01;34.97
SA02;Aldearrubia;2001-11-29;2400;0.00;-2.52;92.50;0.00;0.04;36.83
SG01;Gomezserracín;2001-11-29;0030;0.00;-3.52;93.40;0.00;0.01;91.70
SG01;Gomezserracín;2001-11-29;0100;0.00;-3.43;93.20;0.00;0.01;111.30
SG01;Gomezserracín;2001-11-29;0130;0.00;-3.97;93.80;0.00;0.01;99.60
SG01;Gomezserracín;2001-11-29;0200;0.00;-3.93;94.00;0.00;0.01;87.20
SG01;Gomezserracín;2001-11-29;0230;0.00;-4.01;93.90;0.00;0.01;98.20
SG01;Gomezserracín;2001-11-29;0300;0.00;-3.52;94.30;0.00;0.01;99.90
SG01;Gomezserracín;2001-11-29;0330;0.00;-3.57;94.50;0.00;0.01;116.20
SG01;Gomezserracín;2001-11-29;0400;0.00;-3.72;94.60;0.00;0.01;106.30
SG01;Gomezserracín;2001-11-29;0430;0.00;-3.86;95.10;0.00;0.01;88.80
SG01;Gomezserracín;2001-11-29;0500;0.00;-3.97;95.30;0.00;0.01;92.80
SG01;Gomezserracín;2001-11-29;0530;0.00;-4.11;95.50;0.00;0.01;83.70
SG01;Gomezserracín;2001-11-29;0600;0.00;-4.29;95.50;0.00;0.01;80.80
SG01;Gomezserracín;2001-11-29;0630;0.00;-5.00;95.00;0.00;0.01;34.13
SG01;Gomezserracín;2001-11-29;0700;0.00;-5.23;95.50;0.79;0.01;108.00
SG01;Gomezserracín;2001-11-29;0730;0.00;-5.43;95.60;8.86;0.01;91.60
SG01;Gomezserracín;2001-11-29;0800;0.00;-4.52;96.00;54.52;0.01;85.10
SG01;Gomezserracín;2001-11-29;0830;0.00;-1.08;92.80;154.80;0.01;60.24
SG01;Gomezserracín;2001-11-29;0900;0.00;0.89;88.30;226.10;0.01;13.48
SG01;Gomezserracín;2001-11-29;0930;0.00;4.29;78.20;283.70;0.01;146.50
SG01;Gomezserracín;2001-11-29;1000;0.00;6.22;71.30;344.60;0.01;222.90
SG01;Gomezserracín;2001-11-29;1030;0.00;7.23;67.83;389.20;0.01;226.40
SG01;Gomezserracín;2001-11-29;1100;0.00;8.33;65.63;427.00;0.01;230.00
SG01;Gomezserracín;2001-11-29;1130;0.00;9.34;63.73;452.20;0.01;228.40
SG01;Gomezserracín;2001-11-29;1200;0.00;10.15;61.25;462.30;0.01;268.40
SG01;Gomezserracín;2001-11-29;1230;0.00;11.02;58.44;457.70;0.01;286.70
SG01;Gomezserracín;2001-11-29;1300;0.00;11.26;54.91;442.50;0.01;297.30
SG01;Gomezserracín;2001-11-29;1330;0.00;11.86;53.39;408.30;0.01;277.40
SG01;Gomezserracín;2001-11-29;1400;0.00;12.25;51.71;363.60;0.01;284.20
SG01;Gomezserracín;2001-11-29;1430;0.00;11.90;52.41;306.20;0.01;290.70
SG01;Gomezserracín;2001-11-29;1500;0.00;11.96;52.23;240.40;0.01;302.40
SG01;Gomezserracín;2001-11-29;1530;0.00;11.94;51.83;166.20;0.01;300.80
SG01;Gomezserracín;2001-11-29;1600;0.00;11.78;52.50;89.70;0.01;283.00
SG01;Gomezserracín;2001-11-29;1630;0.00;10.24;57.42;24.92;0.01;355.70
SG01;Gomezserracín;2001-11-29;1700;0.00;5.89;73.20;1.69;0.01;90.20
SG01;Gomezserracín;2001-11-29;1730;0.00;3.35;84.30;0.00;0.01;97.30
SG01;Gomezserracín;2001-11-29;1800;0.00;2.09;87.00;0.00;0.01;97.00
SG01;Gomezserracín;2001-11-29;1830;0.00;1.05;89.30;0.00;0.01;98.60
SG01;Gomezserracín;2001-11-29;1900;0.00;0.26;90.90;0.00;0.01;97.20
SG01;Gomezserracín;2001-11-29;1930;0.00;-0.51;91.60;0.00;0.01;99.50
SG01;Gomezserracín;2001-11-29;2000;0.00;-0.58;92.40;0.00;0.01;103.90
SG01;Gomezserracín;2001-11-29;2030;0.00;-1.27;92.60;0.00;0.01;95.80
SG01;Gomezserracín;2001-11-29;2100;0.00;-1.45;93.20;0.00;0.01;119.30
SG01;Gomezserracín;2001-11-29;2130;0.00;-1.53;93.70;0.00;0.01;116.00
SG01;Gomezserracín;2001-11-29;2200;0.00;-0.88;93.80;0.00;0.01;141.20
SG01;Gomezserracín;2001-11-29;2230;0.00;-0.89;93.90;0.00;0.01;93.50
SG01;Gomezserracín;2001-11-29;2300;0.00;-1.56;94.20;0.00;0.01;83.30
SG01;Gomezserracín;2001-11-29;2330;0.00;-2.36;95.10;0.00;0.01;88.70
SG01;Gomezserracín;2001-11-29;2400;0.00;-2.39;95.40;0.00;0.01;81.30
SG02;Nava de la Asunción;2001-11-29;0030;0.00;-1.49;90.60;0.00;1.27;118.60
SG02;Nava de la Asunción;2001-11-29;0100;0.00;-1.83;90.20;0.00;0.60;100.90
SG02;Nava de la Asunción;2001-11-29;0130;0.00;-1.85;91.40;0.00;0.83;137.20
SG02;Nava de la Asunción;2001-11-29;0200;0.00;-2.58;90.40;0.00;0.28;73.20
SG02;Nava de la Asunción;2001-11-29;0230;0.00;-3.56;92.20;0.00;0.56;108.30
SG02;Nava de la Asunción;2001-11-29;0300;0.00;-3.43;93.80;0.00;0.82;116.20
SG02;Nava de la Asunción;2001-11-29;0330;0.00;-2.70;93.30;0.00;0.88;125.30
SG02;Nava de la Asunción;2001-11-29;0400;0.00;-3.01;93.40;0.00;1.14;134.30
SG02;Nava de la Asunción;2001-11-29;0430;0.00;-2.80;93.50;0.00;1.24;131.30
SG02;Nava de la Asunción;2001-11-29;0500;0.00;-2.70;93.40;0.00;0.90;131.20
SG02;Nava de la Asunción;2001-11-29;0530;0.00;-3.06;93.50;0.00;0.53;126.40
SG02;Nava de la Asunción;2001-11-29;0600;0.00;-3.42;93.70;0.00;0.54;107.80
SG02;Nava de la Asunción;2001-11-29;0630;0.00;-4.22;93.80;0.00;0.61;93.50
SG02;Nava de la Asunción;2001-11-29;0700;0.00;-4.51;94.20;0.88;0.64;118.30
SG02;Nava de la Asunción;2001-11-29;0730;0.00;-4.06;94.50;12.09;1.32;137.60
SG02;Nava de la Asunción;2001-11-29;0800;0.00;-2.52;94.50;76.90;1.32;130.50
SG02;Nava de la Asunción;2001-11-29;0830;0.00;-0.16;91.70;162.00;1.02;124.90
SG02;Nava de la Asunción;2001-11-29;0900;0.00;2.48;83.90;213.90;0.93;123.70
SG02;Nava de la Asunción;2001-11-29;0930;0.00;4.71;75.80;287.60;0.79;114.90
SG02;Nava de la Asunción;2001-11-29;1000;0.00;6.39;70.20;354.60;0.71;150.70
SG02;Nava de la Asunción;2001-11-29;1030;0.00;8.41;65.42;398.80;0.40;325.90
SG02;Nava de la Asunción;2001-11-29;1100;0.00;9.26;63.74;433.80;0.47;16.55
SG02;Nava de la Asunción;2001-11-29;1130;0.00;10.07;61.66;453.10;0.65;277.00
SG02;Nava de la Asunción;2001-11-29;1200;0.00;11.46;57.03;465.20;0.40;286.60
SG02;Nava de la Asunción;2001-11-29;1230;0.00;12.09;53.42;453.70;0.77;7.33
SG02;Nava de la Asunción;2001-11-29;1300;0.00;11.96;53.86;430.80;0.90;83.30
SG02;Nava de la Asunción;2001-11-29;1330;0.00;12.39;52.88;403.40;0.83;318.70
SG02;Nava de la Asunción;2001-11-29;1400;0.00;12.78;50.95;362.40;0.93;61.31
SG02;Nava de la Asunción;2001-11-29;1430;0.00;12.99;50.17;307.30;0.51;165.00
SG02;Nava de la Asunción;2001-11-29;1500;0.00;12.94;49.35;245.40;0.67;265.20
SG02;Nava de la Asunción;2001-11-29;1530;0.00;13.05;49.46;175.70;0.94;249.10
SG02;Nava de la Asunción;2001-11-29;1600;0.00;12.62;51.32;101.20;0.60;267.70
SG02;Nava de la Asunción;2001-11-29;1630;0.00;10.94;55.54;23.46;0.70;281.90
SG02;Nava de la Asunción;2001-11-29;1700;0.00;8.21;65.54;1.71;0.32;42.46
SG02;Nava de la Asunción;2001-11-29;1730;0.00;5.88;72.20;0.02;0.67;127.60
SG02;Nava de la Asunción;2001-11-29;1800;0.00;3.70;78.10;0.00;0.66;123.50
SG02;Nava de la Asunción;2001-11-29;1830;0.00;2.25;84.10;0.00;0.74;102.80
SG02;Nava de la Asunción;2001-11-29;1900;0.00;0.87;87.40;0.00;0.61;126.00
SG02;Nava de la Asunción;2001-11-29;1930;0.00;0.40;88.50;0.00;0.90;126.30
SG02;Nava de la Asunción;2001-11-29;2000;0.00;-0.16;89.50;0.00;0.62;102.90
SG02;Nava de la Asunción;2001-11-29;2030;0.00;-0.81;90.70;0.00;0.31;108.30
SG02;Nava de la Asunción;2001-11-29;2100;0.00;-1.02;91.50;0.00;1.24;135.60
SG02;Nava de la Asunción;2001-11-29;2130;0.00;-0.68;91.70;0.00;1.02;137.10
SG02;Nava de la Asunción;2001-11-29;2200;0.00;-0.54;92.20;0.00;0.19;112.40
SG02;Nava de la Asunción;2001-11-29;2230;0.00;-0.57;92.60;0.00;0.87;140.80
SG02;Nava de la Asunción;2001-11-29;2300;0.00;-0.70;93.10;0.00;1.24;132.60
SG02;Nava de la Asunción;2001-11-29;2330;0.00;0.03;92.70;0.00;0.64;128.50
SG02;Nava de la Asunción;2001-11-29;2400;0.00;-1.85;92.70;0.00;0.67;74.80
SO01;Almazán;2001-11-29;0030;0.00;2.39;80.10;0.00;1.01;208.60
SO01;Almazán;2001-11-29;0100;0.00;1.60;81.30;0.00;1.12;175.00
SO01;Almazán;2001-11-29;0130;0.00;1.83;82.00;0.00;0.80;245.00
SO01;Almazán;2001-11-29;0200;0.00;0.88;82.90;0.00;0.42;285.50
SO01;Almazán;2001-11-29;0230;0.00;0.89;84.50;0.00;0.47;172.00
SO01;Almazán;2001-11-29;0300;0.00;0.57;83.80;0.00;0.95;186.90
SO01;Almazán;2001-11-29;0330;0.00;-0.35;86.50;0.00;0.50;139.70
SO01;Almazán;2001-11-29;0400;0.00;-2.13;89.20;0.00;0.54;97.40
SO01;Almazán;2001-11-29;0430;0.00;-1.00;89.10;0.00;0.51;181.80
SO01;Almazán;2001-11-29;0500;0.00;-2.90;88.40;0.00;0.81;147.00
SO01;Almazán;2001-11-29;0530;0.00;-3.30;90.90;0.00;0.46;137.30
SO01;Almazán;2001-11-29;0600;0.00;-2.96;90.20;0.00;0.77;147.10
SO01;Almazán;2001-11-29;0630;0.00;-3.75;92.10;0.00;1.08;135.70
SO01;Almazán;2001-11-29;0700;0.00;-4.05;92.10;1.84;0.80;134.20
SO01;Almazán;2001-11-29;0730;0.00;-3.99;92.60;21.75;1.09;151.90
SO01;Almazán;2001-11-29;0800;0.00;-3.11;92.20;54.30;1.27;130.80
SO01;Almazán;2001-11-29;0830;0.00;-1.37;92.00;127.40;0.54;132.20
SO01;Almazán;2001-11-29;0900;0.00;1.17;87.30;125.50;0.19;240.40
SO01;Almazán;2001-11-29;0930;0.00;2.63;82.60;281.00;0.56;273.70
SO01;Almazán;2001-11-29;1000;0.00;3.83;79.30;369.70;2.49;286.80
SO01;Almazán;2001-11-29;1030;0.00;5.21;74.80;398.10;3.40;290.10
SO01;Almazán;2001-11-29;1100;0.00;6.36;70.50;446.00;3.57;288.70
SO01;Almazán;2001-11-29;1130;0.00;7.21;66.51;465.30;3.17;287.30
SO01;Almazán;2001-11-29;1200;0.00;8.55;62.69;464.60;2.75;281.10
SO01;Almazán;2001-11-29;1230;0.00;9.35;59.23;468.90;3.25;291.70
SO01;Almazán;2001-11-29;1300;0.00;10.26;57.30;449.60;3.75;300.00
SO01;Almazán;2001-11-29;1330;0.00;10.62;55.52;412.40;4.36;303.00
SO01;Almazán;2001-11-29;1400;0.00;11.02;54.08;376.00;4.03;304.10
SO01;Almazán;2001-11-29;1430;0.00;11.19;53.82;325.50;4.19;301.20
SO01;Almazán;2001-11-29;1500;0.00;11.03;54.31;260.00;3.77;298.10
SO01;Almazán;2001-11-29;1530;0.00;10.87;55.73;180.10;3.34;298.90
SO01;Almazán;2001-11-29;1600;0.00;10.20;58.23;111.90;2.92;296.30
SO01;Almazán;2001-11-29;1630;0.00;8.85;62.81;24.51;1.89;295.30
SO01;Almazán;2001-11-29;1700;0.00;6.91;69.07;1.25;1.38;296.10
SO01;Almazán;2001-11-29;1730;0.00;5.90;72.40;0.00;1.06;272.90
SO01;Almazán;2001-11-29;1800;0.00;3.95;77.80;0.00;0.97;6.37
SO01;Almazán;2001-11-29;1830;0.00;3.31;81.80;0.00;0.76;326.10
SO01;Almazán;2001-11-29;1900;0.00;2.95;82.60;0.00;1.22;332.40
SO01;Almazán;2001-11-29;1930;0.00;2.00;84.20;0.00;0.60;163.70
SO01;Almazán;2001-11-29;2000;0.00;1.60;84.80;0.00;0.89;164.20
SO01;Almazán;2001-11-29;2030;0.00;0.97;86.90;0.00;0.72;106.50
SO01;Almazán;2001-11-29;2100;0.00;1.74;88.20;0.00;0.44;158.10
SO01;Almazán;2001-11-29;2130;0.00;0.99;88.80;0.00;0.76;162.80
SO01;Almazán;2001-11-29;2200;0.00;-1.53;90.70;0.00;1.38;126.90
SO01;Almazán;2001-11-29;2230;0.00;-1.49;91.20;0.00;0.53;113.50
SO01;Almazán;2001-11-29;2300;0.00;-0.75;92.40;0.00;0.55;113.90
SO01;Almazán;2001-11-29;2330;0.00;-1.01;93.30;0.00;0.98;136.60
SO01;Almazán;2001-11-29;2400;0.00;-1.77;93.10;0.00;0.36;142.00
SO02;San Esteban de Gormaz;2001-11-29;0030;0.00;1.16;84.20;0.00;0.70;282.10
SO02;San Esteban de Gormaz;2001-11-29;0100;0.00;0.36;84.60;0.00;0.68;262.00
SO02;San Esteban de Gormaz;2001-11-29;0130;0.00;-0.23;86.40;0.00;0.86;285.70
SO02;San Esteban de Gormaz;2001-11-29;0200;0.00;-1.56;89.30;0.00;0.87;294.00
SO02;San Esteban de Gormaz;2001-11-29;0230;0.00;-1.06;91.60;0.00;0.56;226.50
SO02;San Esteban de Gormaz;2001-11-29;0300;0.00;-0.07;89.40;0.00;0.54;256.40
SO02;San Esteban de Gormaz;2001-11-29;0330;0.00;0.10;88.80;0.00;0.46;292.60
SO02;San Esteban de Gormaz;2001-11-29;0400;0.00;-0.22;89.00;0.00;0.46;241.90
SO02;San Esteban de Gormaz;2001-11-29;0430;0.00;-0.65;89.90;0.00;0.03;50.94
SO02;San Esteban de Gormaz;2001-11-29;0500;0.00;-1.02;91.30;0.00;0.55;282.30
SO02;San Esteban de Gormaz;2001-11-29;0530;0.00;-0.06;91.40;0.00;0.64;262.70
SO02;San Esteban de Gormaz;2001-11-29;0600;0.00;0.09;90.50;0.00;0.69;308.30
SO02;San Esteban de Gormaz;2001-11-29;0630;0.00;-0.85;90.90;0.00;0.85;257.20
SO02;San Esteban de Gormaz;2001-11-29;0700;0.00;-1.41;92.10;1.59;0.35;303.20
SO02;San Esteban de Gormaz;2001-11-29;0730;0.00;-1.31;93.30;16.46;0.20;270.50
SO02;San Esteban de Gormaz;2001-11-29;0800;0.00;-1.08;93.10;64.97;0.09;210.00
SO02;San Esteban de Gormaz;2001-11-29;0830;0.00;-0.11;92.40;80.20;0.52;269.50
SO02;San Esteban de Gormaz;2001-11-29;0900;0.00;0.94;90.00;169.90;0.63;256.00
SO02;San Esteban de Gormaz;2001-11-29;0930;0.00;2.79;83.20;186.20;0.25;225.50
SO02;San Esteban de Gormaz;2001-11-29;1000;0.00;4.25;75.50;306.40;0.40;205.10
SO02;San Esteban de Gormaz;2001-11-29;1030;0.00;5.79;70.30;373.60;0.67;256.00
SO02;San Esteban de Gormaz;2001-11-29;1100;0.00;7.30;66.55;452.70;1.48;235.30
SO02;San Esteban de Gormaz;2001-11-29;1130;0.00;8.60;65.20;483.80;2.42;270.10
SO02;San Esteban de Gormaz;2001-11-29;1200;0.00;9.94;62.12;486.20;3.11;294.50
SO02;San Esteban de Gormaz;2001-11-29;1230;0.00;10.80;58.81;484.80;3.50;298.20
SO02;San Esteban de Gormaz;2001-11-29;1300;0.00;11.13;59.05;461.40;3.70;292.90
SO02;San Esteban de Gormaz;2001-11-29;1330;0.00;11.39;58.32;426.70;4.12;291.20
SO02;San Esteban de Gormaz;2001-11-29;1400;0.00;11.41;57.03;377.60;4.47;295.80
SO02;San Esteban de Gormaz;2001-11-29;1430;0.00;11.45;57.52;314.10;4.31;294.30
SO02;San Esteban de Gormaz;2001-11-29;1500;0.00;11.16;57.75;246.30;4.39;291.70
SO02;San Esteban de Gormaz;2001-11-29;1530;0.00;11.01;58.46;162.10;3.69;283.40
SO02;San Esteban de Gormaz;2001-11-29;1600;0.00;10.55;60.08;90.80;3.11;283.90
SO02;San Esteban de Gormaz;2001-11-29;1630;0.00;9.32;63.55;20.22;1.88;281.40
SO02;San Esteban de Gormaz;2001-11-29;1700;0.00;6.91;70.60;1.28;0.81;261.30
SO02;San Esteban de Gormaz;2001-11-29;1730;0.00;5.32;76.10;0.00;0.41;250.50
SO02;San Esteban de Gormaz;2001-11-29;1800;0.00;5.06;77.30;0.00;1.20;302.90
SO02;San Esteban de Gormaz;2001-11-29;1830;0.00;3.36;81.20;0.00;0.58;194.10
SO02;San Esteban de Gormaz;2001-11-29;1900;0.00;2.82;83.40;0.00;0.47;37.64
SO02;San Esteban de Gormaz;2001-11-29;1930;0.00;1.62;86.50;0.00;0.74;269.60
SO02;San Esteban de Gormaz;2001-11-29;2000;0.00;0.78;88.70;0.00;1.19;279.40
SO02;San Esteban de Gormaz;2001-11-29;2030;0.00;0.49;90.20;0.00;0.63;297.90
SO02;San Esteban de Gormaz;2001-11-29;2100;0.00;0.50;91.70;0.00;0.86;276.70
SO02;San Esteban de Gormaz;2001-11-29;2130;0.00;-0.02;91.50;0.00;0.32;291.30
SO02;San Esteban de Gormaz;2001-11-29;2200;0.00;-0.72;92.90;0.00;0.17;207.50
SO02;San Esteban de Gormaz;2001-11-29;2230;0.00;-1.24;93.50;0.00;0.31;108.00
SO02;San Esteban de Gormaz;2001-11-29;2300;0.00;-1.51;94.10;0.00;0.30;98.70
SO02;San Esteban de Gormaz;2001-11-29;2330;0.00;-2.18;94.30;0.00;0.38;288.70
SO02;San Esteban de Gormaz;2001-11-29;2400;0.00;-2.49;94.60;0.00;0.18;234.10
SO03;Fuentecantos;2001-11-29;0030;0.00;2.81;83.50;0.00;1.15;247.70
SO03;Fuentecantos;2001-11-29;0100;0.00;2.32;84.80;0.00;1.29;209.50
SO03;Fuentecantos;2001-11-29;0130;0.00;1.68;87.00;0.00;0.67;173.00
SO03;Fuentecantos;2001-11-29;0200;0.00;0.92;88.60;0.00;0.47;130.60
SO03;Fuentecantos;2001-11-29;0230;0.00;0.84;90.30;0.00;0.97;214.50
SO03;Fuentecantos;2001-11-29;0300;0.00;0.69;91.40;0.00;1.09;226.10
SO03;Fuentecantos;2001-11-29;0330;0.00;-0.42;90.70;0.00;1.07;206.50
SO03;Fuentecantos;2001-11-29;0400;0.00;-0.80;93.10;0.00;1.12;217.00
SO03;Fuentecantos;2001-11-29;0430;0.00;-1.36;93.70;0.00;0.93;316.70
SO03;Fuentecantos;2001-11-29;0500;0.00;-1.82;95.40;0.00;0.68;189.40
SO03;Fuentecantos;2001-11-29;0530;0.00;-2.03;95.20;0.00;1.11;198.20
SO03;Fuentecantos;2001-11-29;0600;0.00;-2.22;96.40;0.00;0.75;219.40
SO03;Fuentecantos;2001-11-29;0630;0.00;-2.69;95.20;0.00;0.76;26.51
SO03;Fuentecantos;2001-11-29;0700;0.00;-2.58;97.00;1.87;0.69;164.70
SO03;Fuentecantos;2001-11-29;0730;0.00;-2.84;96.50;18.88;0.66;17.55
SO03;Fuentecantos;2001-11-29;0800;0.00;-2.65;96.00;71.80;0.73;201.00
SO03;Fuentecantos;2001-11-29;0830;0.00;-1.53;94.80;70.80;0.81;327.00
SO03;Fuentecantos;2001-11-29;0900;0.00;-1.21;94.60;159.10;0.57;77.40
SO03;Fuentecantos;2001-11-29;0930;0.00;1.25;90.60;285.40;1.39;216.50
SO03;Fuentecantos;2001-11-29;1000;0.00;3.94;82.30;340.80;2.12;228.40
SO03;Fuentecantos;2001-11-29;1030;0.00;6.04;74.90;389.80;2.57;249.60
SO03;Fuentecantos;2001-11-29;1100;0.00;7.80;67.17;425.90;2.25;247.30
SO03;Fuentecantos;2001-11-29;1130;0.00;8.99;60.54;450.80;2.51;231.40
SO03;Fuentecantos;2001-11-29;1200;0.00;9.34;58.82;459.60;1.99;220.00
SO03;Fuentecantos;2001-11-29;1230;0.00;9.78;56.86;458.90;1.70;204.70
SO03;Fuentecantos;2001-11-29;1300;0.00;10.35;55.42;425.80;2.21;206.40
SO03;Fuentecantos;2001-11-29;1330;0.00;10.79;54.61;408.10;1.47;223.30
SO03;Fuentecantos;2001-11-29;1400;0.00;11.35;52.09;366.80;1.35;222.90
SO03;Fuentecantos;2001-11-29;1430;0.00;11.88;49.40;315.60;1.09;253.90
SO03;Fuentecantos;2001-11-29;1500;0.00;12.30;48.90;242.90;0.70;281.20
SO03;Fuentecantos;2001-11-29;1530;0.00;12.91;46.59;187.30;0.96;194.60
SO03;Fuentecantos;2001-11-29;1600;0.00;11.32;54.80;92.00;1.96;179.90
SO03;Fuentecantos;2001-11-29;1630;0.00;9.80;59.19;21.11;1.53;171.80
SO03;Fuentecantos;2001-11-29;1700;0.00;7.20;65.40;1.24;0.77;180.40
SO03;Fuentecantos;2001-11-29;1730;0.00;5.17;69.53;0.00;0.82;160.00
SO03;Fuentecantos;2001-11-29;1800;0.00;4.95;76.00;0.00;1.79;237.70
SO03;Fuentecantos;2001-11-29;1830;0.00;5.01;77.50;0.00;1.98;247.80
SO03;Fuentecantos;2001-11-29;1900;0.00;3.53;79.60;0.01;1.12;258.30
SO03;Fuentecantos;2001-11-29;1930;0.00;2.07;83.00;0.02;0.56;304.50
SO03;Fuentecantos;2001-11-29;2000;0.00;0.89;82.10;0.00;0.75;97.90
SO03;Fuentecantos;2001-11-29;2030;0.00;-0.73;85.60;0.00;0.45;321.90
SO03;Fuentecantos;2001-11-29;2100;0.00;-1.05;89.30;0.00;0.28;265.80
SO03;Fuentecantos;2001-11-29;2130;0.00;-1.81;88.50;0.00;0.61;204.80
SO03;Fuentecantos;2001-11-29;2200;0.00;-2.54;89.30;0.00;0.37;317.60
SO03;Fuentecantos;2001-11-29;2230;0.00;-3.25;89.70;0.00;0.49;140.60
SO03;Fuentecantos;2001-11-29;2300;0.00;-3.33;90.60;0.00;0.61;94.00
SO03;Fuentecantos;2001-11-29;2330;0.00;-3.62;89.70;0.00;0.73;108.50
SO03;Fuentecantos;2001-11-29;2400;0.00;-4.29;90.50;0.00;0.41;35.36
VA01;Mayorga;2001-11-29;0030;0.00;0.00;91.30;0.00;0.92;105.30
VA01;Mayorga;2001-11-29;0100;0.00;-0.56;90.70;0.00;0.39;109.40
VA01;Mayorga;2001-11-29;0130;0.00;-0.93;91.10;0.00;0.57;132.70
VA01;Mayorga;2001-11-29;0200;0.00;-0.96;91.90;0.00;0.61;120.10
VA01;Mayorga;2001-11-29;0230;0.00;-1.23;91.80;0.00;0.34;123.30
VA01;Mayorga;2001-11-29;0300;0.00;-1.84;92.30;0.00;0.39;109.00
VA01;Mayorga;2001-11-29;0330;0.00;-1.73;92.80;0.00;0.40;149.50
VA01;Mayorga;2001-11-29;0400;0.00;-2.44;92.80;0.00;0.31;133.10
VA01;Mayorga;2001-11-29;0430;0.00;-2.94;93.00;0.00;0.28;91.00
VA01;Mayorga;2001-11-29;0500;0.00;-2.68;93.30;0.00;0.35;137.60
VA01;Mayorga;2001-11-29;0530;0.00;-3.32;93.20;0.00;0.36;114.50
VA01;Mayorga;2001-11-29;0600;0.00;-3.48;93.30;0.00;0.45;157.80
VA01;Mayorga;2001-11-29;0630;0.00;-3.99;93.10;0.00;0.75;113.60
VA01;Mayorga;2001-11-29;0700;0.00;-4.11;93.20;0.54;0.65;88.70
VA01;Mayorga;2001-11-29;0730;0.00;-3.83;93.20;7.59;0.05;84.30
VA01;Mayorga;2001-11-29;0800;0.00;-3.84;92.90;65.01;0.34;99.00
VA01;Mayorga;2001-11-29;0830;0.00;-1.55;91.80;149.10;0.39;82.70
VA01;Mayorga;2001-11-29;0900;0.00;0.59;88.20;211.70;0.26;284.50
VA01;Mayorga;2001-11-29;0930;0.00;1.91;86.00;270.50;0.41;328.20
VA01;Mayorga;2001-11-29;1000;0.00;4.01;81.00;332.30;0.33;185.70
VA01;Mayorga;2001-11-29;1030;0.00;6.07;75.00;391.10;0.55;104.30
VA01;Mayorga;2001-11-29;1100;0.00;6.97;70.90;429.80;0.86;165.60
VA01;Mayorga;2001-11-29;1130;0.00;8.20;67.75;455.10;0.91;163.70
VA01;Mayorga;2001-11-29;1200;0.00;9.00;64.70;465.40;0.99;170.80
VA01;Mayorga;2001-11-29;1230;0.00;9.68;62.84;464.10;0.92;177.90
VA01;Mayorga;2001-11-29;1300;0.00;10.42;59.78;432.00;1.26;163.10
VA01;Mayorga;2001-11-29;1330;0.00;10.61;59.15;400.00;1.58;168.60
VA01;Mayorga;2001-11-29;1400;0.00;10.66;59.99;357.40;1.43;171.90
VA01;Mayorga;2001-11-29;1430;0.00;10.81;59.38;300.00;1.82;189.80
VA01;Mayorga;2001-11-29;1500;0.00;11.12;58.83;231.50;1.69;198.10
VA01;Mayorga;2001-11-29;1530;0.00;11.14;58.57;154.30;1.63;204.90
VA01;Mayorga;2001-11-29;1600;0.00;10.43;61.38;83.00;1.62;224.20
VA01;Mayorga;2001-11-29;1630;0.00;9.33;65.32;18.66;0.81;217.70
VA01;Mayorga;2001-11-29;1700;0.00;7.60;69.89;1.32;0.47;185.40
VA01;Mayorga;2001-11-29;1730;0.00;5.20;75.40;0.01;0.84;157.70
VA01;Mayorga;2001-11-29;1800;0.00;4.29;77.50;0.00;0.72;149.70
VA01;Mayorga;2001-11-29;1830;0.00;3.58;79.60;0.00;0.85;150.40
VA01;Mayorga;2001-11-29;1900;0.00;2.83;82.00;0.00;0.23;149.50
VA01;Mayorga;2001-11-29;1930;0.00;2.09;83.60;0.00;0.57;133.90
VA01;Mayorga;2001-11-29;2000;0.00;1.47;85.00;0.00;0.40;146.60
VA01;Mayorga;2001-11-29;2030;0.00;0.68;87.30;0.00;0.43;127.80
VA01;Mayorga;2001-11-29;2100;0.00;0.43;88.30;0.00;0.48;143.70
VA01;Mayorga;2001-11-29;2130;0.00;-0.49;87.80;0.00;0.53;110.10
VA01;Mayorga;2001-11-29;2200;0.00;-0.58;89.80;0.00;0.50;116.00
VA01;Mayorga;2001-11-29;2230;0.00;-1.53;88.90;0.00;0.65;124.90
VA01;Mayorga;2001-11-29;2300;0.00;-1.31;90.30;0.00;0.24;86.90
VA01;Mayorga;2001-11-29;2330;0.00;-1.46;91.10;0.00;1.06;111.10
VA01;Mayorga;2001-11-29;2400;0.00;-1.11;91.50;0.00;0.62;131.80
VA02;Torrecilla de la Orden;2001-11-29;0030;0.00;-0.24;88.70;0.00;1.43;206.20
VA02;Torrecilla de la Orden;2001-11-29;0100;0.00;-0.74;90.00;0.00;1.31;208.50
VA02;Torrecilla de la Orden;2001-11-29;0130;0.00;-0.63;90.10;0.00;1.60;207.20
VA02;Torrecilla de la Orden;2001-11-29;0200;0.00;-0.88;90.30;0.00;1.57;211.60
VA02;Torrecilla de la Orden;2001-11-29;0230;0.00;-0.94;90.90;0.00;1.37;205.70
VA02;Torrecilla de la Orden;2001-11-29;0300;0.00;-0.99;90.70;0.00;1.61;210.00
VA02;Torrecilla de la Orden;2001-11-29;0330;0.00;-1.08;90.60;0.00;1.20;193.60
VA02;Torrecilla de la Orden;2001-11-29;0400;0.00;-1.69;92.00;0.00;1.49;210.90
VA02;Torrecilla de la Orden;2001-11-29;0430;0.00;-1.67;92.70;0.00;1.43;204.00
VA02;Torrecilla de la Orden;2001-11-29;0500;0.00;-1.76;93.00;0.00;1.62;209.80
VA02;Torrecilla de la Orden;2001-11-29;0530;0.00;-1.74;93.10;0.00;1.44;202.90
VA02;Torrecilla de la Orden;2001-11-29;0600;0.00;-1.69;92.40;0.00;1.68;208.10
VA02;Torrecilla de la Orden;2001-11-29;0630;0.00;-1.92;92.20;0.00;1.67;204.70
VA02;Torrecilla de la Orden;2001-11-29;0700;0.00;-2.56;92.80;0.91;1.22;201.10
VA02;Torrecilla de la Orden;2001-11-29;0730;0.00;-2.49;94.20;15.39;1.17;194.30
VA02;Torrecilla de la Orden;2001-11-29;0800;0.00;-1.44;93.60;77.60;1.20;202.50
VA02;Torrecilla de la Orden;2001-11-29;0830;0.00;0.08;90.40;143.60;1.63;209.70
VA02;Torrecilla de la Orden;2001-11-29;0900;0.00;1.75;87.20;210.30;1.75;207.30
VA02;Torrecilla de la Orden;2001-11-29;0930;0.00;3.88;81.90;287.20;1.81;211.00
VA02;Torrecilla de la Orden;2001-11-29;1000;0.00;6.15;74.30;342.70;0.89;221.30
VA02;Torrecilla de la Orden;2001-11-29;1030;0.00;7.86;71.70;395.70;0.63;339.50
VA02;Torrecilla de la Orden;2001-11-29;1100;0.00;8.72;69.83;434.90;0.82;66.10
VA02;Torrecilla de la Orden;2001-11-29;1130;0.00;10.15;63.93;456.50;0.58;201.00
VA02;Torrecilla de la Orden;2001-11-29;1200;0.00;10.17;62.42;467.30;0.89;156.40
VA02;Torrecilla de la Orden;2001-11-29;1230;0.00;10.91;59.87;463.10;0.90;189.40
VA02;Torrecilla de la Orden;2001-11-29;1300;0.00;11.27;58.31;444.00;0.63;246.70
VA02;Torrecilla de la Orden;2001-11-29;1330;0.00;11.60;56.50;413.90;0.88;339.10
VA02;Torrecilla de la Orden;2001-11-29;1400;0.00;12.32;52.91;371.90;1.00;167.80
VA02;Torrecilla de la Orden;2001-11-29;1430;0.00;12.81;50.92;316.90;0.84;241.80
VA02;Torrecilla de la Orden;2001-11-29;1500;0.00;13.07;49.44;249.60;0.71;219.40
VA02;Torrecilla de la Orden;2001-11-29;1530;0.00;13.22;48.97;175.60;0.62;181.10
VA02;Torrecilla de la Orden;2001-11-29;1600;0.00;12.67;50.27;100.80;0.31;111.70
VA02;Torrecilla de la Orden;2001-11-29;1630;0.00;11.54;54.32;27.59;0.68;72.20
VA02;Torrecilla de la Orden;2001-11-29;1700;0.00;10.66;57.12;1.75;1.06;51.17
VA02;Torrecilla de la Orden;2001-11-29;1730;0.00;9.05;62.46;0.00;0.36;25.56
VA02;Torrecilla de la Orden;2001-11-29;1800;0.00;7.69;67.19;0.01;0.30;177.30
VA02;Torrecilla de la Orden;2001-11-29;1830;0.00;6.42;69.54;0.07;0.32;209.50
VA02;Torrecilla de la Orden;2001-11-29;1900;0.00;5.64;72.70;0.02;0.75;211.10
VA02;Torrecilla de la Orden;2001-11-29;1930;0.00;4.26;77.40;0.02;1.00;206.10
VA02;Torrecilla de la Orden;2001-11-29;2000;0.00;4.24;77.90;0.00;0.16;201.50
VA02;Torrecilla de la Orden;2001-11-29;2030;0.00;3.90;78.60;0.00;0.60;182.70
VA02;Torrecilla de la Orden;2001-11-29;2100;0.00;2.60;80.40;0.00;1.05;203.90
VA02;Torrecilla de la Orden;2001-11-29;2130;0.00;1.77;85.00;0.00;1.20;201.90
VA02;Torrecilla de la Orden;2001-11-29;2200;0.00;1.31;86.40;0.00;1.48;214.10
VA02;Torrecilla de la Orden;2001-11-29;2230;0.00;1.20;86.80;0.00;1.48;206.30
VA02;Torrecilla de la Orden;2001-11-29;2300;0.00;0.91;87.00;0.00;1.41;198.80
VA02;Torrecilla de la Orden;2001-11-29;2330;0.00;0.60;88.30;0.00;1.40;203.50
VA02;Torrecilla de la Orden;2001-11-29;2400;0.00;0.39;89.80;0.00;1.80;211.80
VA03;Olmedo;2001-11-29;0030;0.00;-4.08;79.20;0.00;0.39;107.20
VA03;Olmedo;2001-11-29;0100;0.00;-3.73;80.40;0.00;1.31;145.40
VA03;Olmedo;2001-11-29;0130;0.00;-2.82;79.20;0.00;3.18;134.90
VA03;Olmedo;2001-11-29;0200;0.00;-2.21;77.80;0.00;1.25;96.40
VA03;Olmedo;2001-11-29;0230;0.00;-2.08;79.30;0.00;2.77;123.40
VA03;Olmedo;2001-11-29;0300;0.00;-1.68;77.70;0.00;2.44;126.10
VA03;Olmedo;2001-11-29;0330;0.00;-2.47;79.20;0.00;3.04;124.30
VA03;Olmedo;2001-11-29;0400;0.00;-2.85;79.70;0.00;1.53;112.10
VA03;Olmedo;2001-11-29;0430;0.00;-1.73;80.10;0.00;1.68;126.00
VA03;Olmedo;2001-11-29;0500;0.00;-1.86;77.20;0.00;1.86;137.80
VA03;Olmedo;2001-11-29;0530;0.00;-2.49;80.40;0.00;1.60;135.30
VA03;Olmedo;2001-11-29;0600;0.00;-3.61;80.80;0.00;0.71;113.10
VA03;Olmedo;2001-11-29;0630;0.00;-3.35;83.00;0.00;1.72;130.80
VA03;Olmedo;2001-11-29;0700;0.00;-3.40;81.00;0.92;1.63;111.10
VA03;Olmedo;2001-11-29;0730;0.00;-3.70;84.30;13.87;2.81;134.30
VA03;Olmedo;2001-11-29;0800;0.00;-1.64;81.20;80.20;2.39;131.60
VA03;Olmedo;2001-11-29;0830;0.00;-0.24;77.00;155.80;2.03;131.80
VA03;Olmedo;2001-11-29;0900;0.00;1.34;73.20;208.20;1.73;119.60
VA03;Olmedo;2001-11-29;0930;0.00;2.20;70.20;279.80;0.97;48.27
VA03;Olmedo;2001-11-29;1000;0.00;3.98;64.98;341.90;0.49;123.90
VA03;Olmedo;2001-11-29;1030;0.00;6.52;58.30;388.60;0.46;130.70
VA03;Olmedo;2001-11-29;1100;0.00;7.26;58.26;426.30;0.83;137.80
VA03;Olmedo;2001-11-29;1130;0.00;8.18;54.31;445.80;0.84;126.10
VA03;Olmedo;2001-11-29;1200;0.00;9.57;51.51;454.30;0.67;170.90
VA03;Olmedo;2001-11-29;1230;0.00;10.73;48.77;453.00;1.07;254.70
VA03;Olmedo;2001-11-29;1300;0.00;11.24;45.87;437.50;1.04;251.40
VA03;Olmedo;2001-11-29;1330;0.00;11.91;42.77;404.80;1.01;229.40
VA03;Olmedo;2001-11-29;1400;0.00;12.13;41.56;361.90;1.05;243.70
VA03;Olmedo;2001-11-29;1430;0.00;12.07;41.17;310.70;0.97;261.60
VA03;Olmedo;2001-11-29;1500;0.00;12.29;40.53;243.30;0.86;252.90
VA03;Olmedo;2001-11-29;1530;0.00;12.28;39.72;169.20;0.94;250.80
VA03;Olmedo;2001-11-29;1600;0.00;11.88;40.87;99.40;0.82;278.40
VA03;Olmedo;2001-11-29;1630;0.00;9.71;46.65;27.33;1.10;307.80
VA03;Olmedo;2001-11-29;1700;0.00;7.10;51.58;1.99;0.36;292.30
VA03;Olmedo;2001-11-29;1730;0.00;5.74;55.97;0.00;0.18;216.80
VA03;Olmedo;2001-11-29;1800;0.00;4.78;58.48;0.00;0.51;32.43
VA03;Olmedo;2001-11-29;1830;0.00;2.89;61.40;0.00;0.61;145.10
VA03;Olmedo;2001-11-29;1900;0.00;3.30;64.77;0.00;1.37;146.80
VA03;Olmedo;2001-11-29;1930;0.00;3.81;63.81;0.00;1.55;128.20
VA03;Olmedo;2001-11-29;2000;0.00;2.84;64.12;0.00;0.32;95.50
VA03;Olmedo;2001-11-29;2030;0.00;1.60;67.46;0.00;1.08;101.20
VA03;Olmedo;2001-11-29;2100;0.00;0.90;71.60;0.00;1.42;107.60
VA03;Olmedo;2001-11-29;2130;0.00;1.27;70.70;0.00;2.11;138.40
VA03;Olmedo;2001-11-29;2200;0.00;0.12;74.40;0.00;1.59;145.30
VA03;Olmedo;2001-11-29;2230;0.00;-0.53;75.40;0.00;0.32;99.50
VA03;Olmedo;2001-11-29;2300;0.00;-0.81;78.10;0.00;0.87;117.50
VA03;Olmedo;2001-11-29;2330;0.00;0.88;73.60;0.00;1.52;149.30
VA03;Olmedo;2001-11-29;2400;0.00;-2.31;78.40;0.00;0.65;26.05
VA04;Valladolid;2001-11-29;0030;0.00;-1.85;90.10;0.01;0.18;131.90
VA04;Valladolid;2001-11-29;0100;0.00;-2.07;91.70;0.00;0.77;162.10
VA04;Valladolid;2001-11-29;0130;0.00;-2.51;92.40;0.00;0.66;151.30
VA04;Valladolid;2001-11-29;0200;0.00;-2.95;92.60;0.00;0.22;347.80
VA04;Valladolid;2001-11-29;0230;0.00;-2.02;93.40;0.00;0.24;350.00
VA04;Valladolid;2001-11-29;0300;0.00;-2.57;93.70;0.00;0.51;322.00
VA04;Valladolid;2001-11-29;0330;0.00;-2.40;93.60;0.00;0.60;351.90
VA04;Valladolid;2001-11-29;0400;0.00;-3.06;93.60;0.00;0.22;130.70
VA04;Valladolid;2001-11-29;0430;0.00;-3.26;93.80;0.00;0.02;230.10
VA04;Valladolid;2001-11-29;0500;0.00;-3.19;94.00;0.00;0.52;318.70
VA04;Valladolid;2001-11-29;0530;0.00;-4.01;93.70;0.00;0.38;145.50
VA04;Valladolid;2001-11-29;0600;0.00;-3.97;94.10;0.00;0.04;149.20
VA04;Valladolid;2001-11-29;0630;0.00;-3.81;94.30;0.00;0.09;33.83
VA04;Valladolid;2001-11-29;0700;0.00;-3.77;94.30;0.77;0.20;65.52
VA04;Valladolid;2001-11-29;0730;0.00;-4.56;94.30;7.03;0.09;71.80
VA04;Valladolid;2001-11-29;0800;0.00;-3.87;94.80;44.40;0.07;334.90
VA04;Valladolid;2001-11-29;0830;0.00;-2.22;94.60;116.90;0.25;87.80
VA04;Valladolid;2001-11-29;0900;0.00;-0.97;92.60;203.20;0.62;87.00
VA04;Valladolid;2001-11-29;0930;0.00;0.45;87.60;251.20;0.66;101.10
VA04;Valladolid;2001-11-29;1000;0.20;2.06;80.30;315.30;0.55;98.70
VA04;Valladolid;2001-11-29;1030;0.00;3.63;73.90;358.50;0.99;162.70
VA04;Valladolid;2001-11-29;1100;0.00;4.99;68.98;388.60;0.62;140.90
VA04;Valladolid;2001-11-29;1130;0.00;5.68;68.02;416.30;0.69;63.54
VA04;Valladolid;2001-11-29;1200;0.00;7.43;64.14;424.50;0.48;168.80
VA04;Valladolid;2001-11-29;1230;0.00;8.70;61.61;424.50;0.80;205.60
VA04;Valladolid;2001-11-29;1300;0.00;9.83;59.98;398.60;0.72;199.80
VA04;Valladolid;2001-11-29;1330;0.00;10.54;56.58;358.70;0.88;176.90
VA04;Valladolid;2001-11-29;1400;0.00;11.46;55.01;340.70;1.49;197.00
VA04;Valladolid;2001-11-29;1430;0.00;11.75;54.33;287.00;1.74;187.10
VA04;Valladolid;2001-11-29;1500;0.00;11.97;53.58;227.80;1.47;193.10
VA04;Valladolid;2001-11-29;1530;0.00;12.14;52.92;159.80;1.47;198.90
VA04;Valladolid;2001-11-29;1600;0.00;11.78;53.64;90.10;1.61;194.50
VA04;Valladolid;2001-11-29;1630;0.00;10.38;56.53;22.31;0.79;231.50
VA04;Valladolid;2001-11-29;1700;0.00;8.00;65.08;1.49;1.12;275.60
VA04;Valladolid;2001-11-29;1730;0.00;6.89;67.78;0.00;0.93;261.50
VA04;Valladolid;2001-11-29;1800;0.00;4.95;71.00;0.00;0.56;264.90
VA04;Valladolid;2001-11-29;1830;0.00;3.90;76.00;0.00;0.63;11.33
VA04;Valladolid;2001-11-29;1900;0.00;3.81;78.90;0.00;0.99;10.03
VA04;Valladolid;2001-11-29;1930;0.00;2.66;79.10;0.00;0.64;39.86
VA04;Valladolid;2001-11-29;2000;0.00;1.60;82.20;0.00;0.32;3.99
VA04;Valladolid;2001-11-29;2030;0.00;1.36;85.40;0.01;0.14;294.80
VA04;Valladolid;2001-11-29;2100;0.00;0.87;85.10;0.01;0.40;30.30
VA04;Valladolid;2001-11-29;2130;0.00;0.35;88.10;0.01;0.37;351.40
VA04;Valladolid;2001-11-29;2200;0.00;0.04;89.00;0.02;0.65;232.60
VA04;Valladolid;2001-11-29;2230;0.00;-0.67;88.10;0.02;0.19;314.30
VA04;Valladolid;2001-11-29;2300;0.00;-0.90;89.40;0.00;0.40;37.88
VA04;Valladolid;2001-11-29;2330;0.00;-1.02;90.70;0.00;0.10;344.40
VA04;Valladolid;2001-11-29;2400;0.00;-0.85;91.80;0.00;0.01;354.80
VA05;Encinas de Esgueva;2001-11-29;0030;0.00;-3.50;90.00;0.00;0.08;125.00
VA05;Encinas de Esgueva;2001-11-29;0100;0.00;-4.74;89.60;0.00;1.46;71.90
VA05;Encinas de Esgueva;2001-11-29;0130;0.00;-3.67;91.50;0.00;1.57;79.80
VA05;Encinas de Esgueva;2001-11-29;0200;0.00;-3.76;91.50;0.00;0.92;76.40
VA05;Encinas de Esgueva;2001-11-29;0230;0.00;-4.13;91.50;0.00;0.33;74.60
VA05;Encinas de Esgueva;2001-11-29;0300;0.00;-5.17;91.80;0.00;0.53;170.30
VA05;Encinas de Esgueva;2001-11-29;0330;0.00;-5.21;91.80;0.00;0.84;78.50
VA05;Encinas de Esgueva;2001-11-29;0400;0.00;-5.14;92.30;0.00;1.53;76.40
VA05;Encinas de Esgueva;2001-11-29;0430;0.00;-4.62;92.80;0.00;2.02;83.30
VA05;Encinas de Esgueva;2001-11-29;0500;0.00;-4.12;92.20;0.00;1.40;75.20
VA05;Encinas de Esgueva;2001-11-29;0530;0.00;-4.48;92.10;0.00;0.87;72.80
VA05;Encinas de Esgueva;2001-11-29;0600;0.00;-4.95;92.40;0.00;0.50;77.20
VA05;Encinas de Esgueva;2001-11-29;0630;0.00;-5.12;93.10;0.00;0.66;78.50
VA05;Encinas de Esgueva;2001-11-29;0700;0.00;-6.03;91.80;0.51;0.71;72.60
VA05;Encinas de Esgueva;2001-11-29;0730;0.00;-5.25;93.50;6.57;0.87;70.80
VA05;Encinas de Esgueva;2001-11-29;0800;0.00;-5.30;93.00;23.06;1.19;73.80
VA05;Encinas de Esgueva;2001-11-29;0830;0.00;-4.62;92.90;97.60;0.78;56.35
VA05;Encinas de Esgueva;2001-11-29;0900;0.00;-1.80;92.00;156.80;0.07;45.99
VA05;Encinas de Esgueva;2001-11-29;0930;0.00;0.90;85.50;256.00;0.31;79.60
VA05;Encinas de Esgueva;2001-11-29;1000;0.00;2.76;78.80;323.30;0.99;79.90
VA05;Encinas de Esgueva;2001-11-29;1030;0.00;4.17;75.50;371.20;0.75;88.30
VA05;Encinas de Esgueva;2001-11-29;1100;0.00;6.97;67.94;413.50;0.67;253.30
VA05;Encinas de Esgueva;2001-11-29;1130;0.00;8.22;66.02;438.50;1.25;241.30
VA05;Encinas de Esgueva;2001-11-29;1200;0.00;9.20;63.01;450.90;1.29;221.80
VA05;Encinas de Esgueva;2001-11-29;1230;0.00;10.06;60.96;449.20;1.66;244.20
VA05;Encinas de Esgueva;2001-11-29;1300;0.00;10.84;58.68;432.30;1.63;273.40
VA05;Encinas de Esgueva;2001-11-29;1330;0.00;11.25;57.30;395.00;1.89;277.70
VA05;Encinas de Esgueva;2001-11-29;1400;0.00;11.85;55.67;352.00;1.72;278.90
VA05;Encinas de Esgueva;2001-11-29;1430;0.00;11.96;54.32;298.30;1.87;277.40
VA05;Encinas de Esgueva;2001-11-29;1500;0.00;11.87;54.78;229.70;1.86;265.60
VA05;Encinas de Esgueva;2001-11-29;1530;0.00;11.60;55.28;163.10;1.93;266.80
VA05;Encinas de Esgueva;2001-11-29;1600;0.00;10.95;56.55;92.40;1.78;263.50
VA05;Encinas de Esgueva;2001-11-29;1630;0.00;9.08;61.72;17.35;1.03;223.20
VA05;Encinas de Esgueva;2001-11-29;1700;0.00;6.83;66.83;0.95;0.87;205.70
VA05;Encinas de Esgueva;2001-11-29;1730;0.00;4.04;74.50;0.00;0.40;218.60
VA05;Encinas de Esgueva;2001-11-29;1800;0.00;3.17;78.00;0.00;0.55;193.30
VA05;Encinas de Esgueva;2001-11-29;1830;0.00;1.77;80.60;0.00;0.94;111.30
VA05;Encinas de Esgueva;2001-11-29;1900;0.00;1.43;81.60;0.00;0.08;21.83
VA05;Encinas de Esgueva;2001-11-29;1930;0.00;0.79;83.50;0.00;0.73;79.10
VA05;Encinas de Esgueva;2001-11-29;2000;0.00;-0.38;84.00;0.00;0.58;67.17
VA05;Encinas de Esgueva;2001-11-29;2030;0.00;-1.23;85.90;0.00;0.52;80.30
VA05;Encinas de Esgueva;2001-11-29;2100;0.00;-0.38;88.10;0.00;0.89;84.50
VA05;Encinas de Esgueva;2001-11-29;2130;0.00;-1.12;88.50;0.00;0.72;76.70
VA05;Encinas de Esgueva;2001-11-29;2200;0.00;-1.83;89.90;0.00;0.77;78.50
VA05;Encinas de Esgueva;2001-11-29;2230;0.00;-2.14;90.80;0.00;0.62;110.50
VA05;Encinas de Esgueva;2001-11-29;2300;0.00;-2.96;90.20;0.00;1.07;63.61
VA05;Encinas de Esgueva;2001-11-29;2330;0.00;-2.21;90.70;0.00;1.22;71.50
VA05;Encinas de Esgueva;2001-11-29;2400;0.00;-2.80;91.50;0.00;1.25;75.60
VA06;Tordesillas;2001-11-29;0030;0.00;-3.54;94.70;0.01;0.25;197.20
VA06;Tordesillas;2001-11-29;0100;0.00;-3.79;95.30;0.00;0.03;196.30
VA06;Tordesillas;2001-11-29;0130;0.00;-3.65;95.70;0.00;0.03;196.90
VA06;Tordesillas;2001-11-29;0200;0.00;-3.54;95.50;0.00;0.00;196.90
VA06;Tordesillas;2001-11-29;0230;0.00;-3.38;95.90;0.00;0.00;0.00
VA06;Tordesillas;2001-11-29;0300;0.00;-4.14;95.90;0.02;0.21;144.90
VA06;Tordesillas;2001-11-29;0330;0.00;-4.87;95.90;0.01;0.00;0.00
VA06;Tordesillas;2001-11-29;0400;0.00;-4.25;96.00;0.04;0.02;137.80
VA06;Tordesillas;2001-11-29;0430;0.00;-4.65;96.00;0.00;0.05;139.20
VA06;Tordesillas;2001-11-29;0500;0.00;-4.72;96.00;0.00;0.12;139.30
VA06;Tordesillas;2001-11-29;0530;0.00;-4.93;96.10;0.02;0.25;106.40
VA06;Tordesillas;2001-11-29;0600;0.00;-4.36;95.50;0.02;0.00;0.00
VA06;Tordesillas;2001-11-29;0630;0.00;-4.76;95.20;0.02;0.12;143.60
VA06;Tordesillas;2001-11-29;0700;0.00;-5.36;94.90;1.10;0.46;116.90
VA06;Tordesillas;2001-11-29;0730;0.00;-4.51;95.30;12.15;0.10;121.90
VA06;Tordesillas;2001-11-29;0800;0.00;-3.77;95.80;46.83;0.20;64.76
VA06;Tordesillas;2001-11-29;0830;0.00;-2.30;95.00;99.60;1.08;74.10
VA06;Tordesillas;2001-11-29;0900;0.00;-1.01;92.10;219.60;1.16;79.50
VA06;Tordesillas;2001-11-29;0930;0.00;0.26;88.30;278.80;1.54;83.00
VA06;Tordesillas;2001-11-29;1000;0.00;1.97;82.20;339.20;1.07;86.00
VA06;Tordesillas;2001-11-29;1030;0.00;3.84;74.60;379.70;0.60;109.50
VA06;Tordesillas;2001-11-29;1100;0.00;5.69;71.20;416.40;0.59;99.20
VA06;Tordesillas;2001-11-29;1130;0.00;7.41;69.39;438.20;0.60;76.90
VA06;Tordesillas;2001-11-29;1200;0.00;8.25;65.97;445.10;0.79;79.60
VA06;Tordesillas;2001-11-29;1230;0.00;9.39;63.00;438.60;0.69;37.62
VA06;Tordesillas;2001-11-29;1300;0.00;11.58;55.30;415.90;0.66;181.40
VA06;Tordesillas;2001-11-29;1330;0.00;11.24;56.65;381.50;0.82;31.88
VA06;Tordesillas;2001-11-29;1400;0.00;11.53;55.89;338.20;1.17;25.61
VA06;Tordesillas;2001-11-29;1430;0.00;11.95;54.93;276.00;0.73;126.50
VA06;Tordesillas;2001-11-29;1500;0.00;12.32;52.63;165.80;0.83;280.30
VA06;Tordesillas;2001-11-29;1530;0.00;11.88;54.31;142.50;0.84;299.90
VA06;Tordesillas;2001-11-29;1600;0.00;11.56;55.88;75.20;0.49;311.30
VA06;Tordesillas;2001-11-29;1630;0.00;9.48;64.53;14.53;0.12;239.80
VA06;Tordesillas;2001-11-29;1700;0.00;6.28;77.20;0.94;0.03;244.30
VA06;Tordesillas;2001-11-29;1730;0.00;3.55;84.40;0.00;0.07;206.60
VA06;Tordesillas;2001-11-29;1800;0.00;2.60;89.60;0.00;0.07;197.20
VA06;Tordesillas;2001-11-29;1830;0.00;1.16;90.20;0.00;0.16;197.30
VA06;Tordesillas;2001-11-29;1900;0.00;1.06;91.70;0.00;0.00;0.00
VA06;Tordesillas;2001-11-29;1930;0.00;0.85;92.20;0.00;0.26;227.30
VA06;Tordesillas;2001-11-29;2000;0.00;-0.38;93.20;0.00;0.01;183.20
VA06;Tordesillas;2001-11-29;2030;0.00;-0.41;93.90;0.00;0.13;274.40
VA06;Tordesillas;2001-11-29;2100;0.00;-1.37;94.10;0.00;0.05;266.70
VA06;Tordesillas;2001-11-29;2130;0.00;-2.03;94.80;0.00;0.10;201.20
VA06;Tordesillas;2001-11-29;2200;0.00;-1.89;95.30;0.00;0.18;115.30
VA06;Tordesillas;2001-11-29;2230;0.00;-1.47;95.30;0.00;0.08;120.10
VA06;Tordesillas;2001-11-29;2300;0.00;-1.87;95.50;0.00;0.06;351.20
VA06;Tordesillas;2001-11-29;2330;0.00;-2.30;95.50;0.00;0.33;191.30
VA06;Tordesillas;2001-11-29;2400;0.00;-3.00;95.90;0.00;0.05;149.40
VA07;Valbuena de Duero;2001-11-29;0030;0.00;-1.87;90.90;0.00;0.49;57.58
VA07;Valbuena de Duero;2001-11-29;0100;0.00;-1.78;91.20;0.00;0.86;49.96
VA07;Valbuena de Duero;2001-11-29;0130;0.00;-2.46;91.20;0.00;0.73;76.80
VA07;Valbuena de Duero;2001-11-29;0200;0.00;-2.84;91.90;0.00;0.78;89.30
VA07;Valbuena de Duero;2001-11-29;0230;0.00;-2.88;92.70;0.00;0.57;60.23
VA07;Valbuena de Duero;2001-11-29;0300;0.00;-2.79;93.00;0.00;0.34;52.49
VA07;Valbuena de Duero;2001-11-29;0330;0.00;-3.19;94.00;0.00;0.93;70.20
VA07;Valbuena de Duero;2001-11-29;0400;0.00;-3.15;94.00;0.00;1.33;38.55
VA07;Valbuena de Duero;2001-11-29;0430;0.00;-3.12;94.10;0.00;1.34;44.46
VA07;Valbuena de Duero;2001-11-29;0500;0.00;-3.39;94.40;0.00;0.53;33.93
VA07;Valbuena de Duero;2001-11-29;0530;0.00;-3.31;94.40;0.00;0.96;24.53
VA07;Valbuena de Duero;2001-11-29;0600;0.00;-3.89;94.80;0.00;0.41;30.21
VA07;Valbuena de Duero;2001-11-29;0630;0.00;-3.80;95.20;0.00;0.21;67.33
VA07;Valbuena de Duero;2001-11-29;0700;0.00;-4.32;94.80;0.85;0.28;72.50
VA07;Valbuena de Duero;2001-11-29;0730;0.00;-4.58;95.40;12.56;0.13;72.90
VA07;Valbuena de Duero;2001-11-29;0800;0.00;-4.40;95.60;52.81;0.35;84.20
VA07;Valbuena de Duero;2001-11-29;0830;0.00;-2.75;94.00;140.90;0.71;92.10
VA07;Valbuena de Duero;2001-11-29;0900;0.00;-1.27;89.70;206.80;1.15;107.50
VA07;Valbuena de Duero;2001-11-29;0930;0.00;1.00;84.90;257.80;0.98;112.60
VA07;Valbuena de Duero;2001-11-29;1000;0.00;3.12;78.10;321.30;1.22;120.30
VA07;Valbuena de Duero;2001-11-29;1030;0.00;4.86;72.60;376.50;1.01;129.70
VA07;Valbuena de Duero;2001-11-29;1100;0.00;6.40;68.94;414.00;0.62;131.10
VA07;Valbuena de Duero;2001-11-29;1130;0.00;8.24;65.44;437.10;0.60;185.00
VA07;Valbuena de Duero;2001-11-29;1200;0.00;9.13;64.90;448.30;0.62;226.20
VA07;Valbuena de Duero;2001-11-29;1230;0.00;10.13;63.30;444.50;0.92;235.80
VA07;Valbuena de Duero;2001-11-29;1300;0.00;10.85;61.22;423.90;0.97;270.70
VA07;Valbuena de Duero;2001-11-29;1330;0.00;11.58;59.02;390.10;1.87;256.10
VA07;Valbuena de Duero;2001-11-29;1400;0.00;11.81;56.13;349.80;2.57;278.20
VA07;Valbuena de Duero;2001-11-29;1430;0.00;12.03;54.65;285.50;2.88;272.00
VA07;Valbuena de Duero;2001-11-29;1500;0.00;11.94;54.56;223.40;2.69;272.90
VA07;Valbuena de Duero;2001-11-29;1530;0.00;11.89;53.56;150.90;2.80;278.70
VA07;Valbuena de Duero;2001-11-29;1600;0.00;11.35;54.44;89.30;2.28;266.70
VA07;Valbuena de Duero;2001-11-29;1630;0.00;10.18;57.44;20.22;1.18;270.80
VA07;Valbuena de Duero;2001-11-29;1700;0.00;7.34;66.18;1.08;1.64;344.40
VA07;Valbuena de Duero;2001-11-29;1730;0.00;5.15;73.30;0.00;1.88;358.10
VA07;Valbuena de Duero;2001-11-29;1800;0.00;5.22;74.00;0.00;0.85;357.70
VA07;Valbuena de Duero;2001-11-29;1830;0.00;4.39;76.20;0.00;0.74;351.20
VA07;Valbuena de Duero;2001-11-29;1900;0.00;3.12;79.10;0.00;1.36;1.54
VA07;Valbuena de Duero;2001-11-29;1930;0.00;2.67;82.70;0.01;1.09;12.45
VA07;Valbuena de Duero;2001-11-29;2000;0.00;1.59;83.70;0.02;0.76;55.02
VA07;Valbuena de Duero;2001-11-29;2030;0.00;1.62;85.10;0.01;0.68;76.30
VA07;Valbuena de Duero;2001-11-29;2100;0.00;0.90;87.30;0.00;0.70;50.34
VA07;Valbuena de Duero;2001-11-29;2130;0.00;0.07;88.20;0.02;0.57;1.61
VA07;Valbuena de Duero;2001-11-29;2200;0.00;0.41;90.00;0.01;0.75;47.11
VA07;Valbuena de Duero;2001-11-29;2230;0.00;0.52;90.30;0.01;0.30;68.49
VA07;Valbuena de Duero;2001-11-29;2300;0.00;-1.04;90.60;0.00;0.52;72.30
VA07;Valbuena de Duero;2001-11-29;2330;0.00;-0.71;92.40;0.00;0.81;69.94
VA07;Valbuena de Duero;2001-11-29;2400;0.00;-1.56;92.20;0.00;0.65;71.20
ZA01;Colinas de Trasmonte;2001-11-29;0030;0.00;-2.03;94.30;0.00;0.04;190.20
ZA01;Colinas de Trasmonte;2001-11-29;0100;0.00;-2.54;94.50;0.00;0.02;150.70
ZA01;Colinas de Trasmonte;2001-11-29;0130;0.00;-2.53;94.80;0.00;0.06;151.60
ZA01;Colinas de Trasmonte;2001-11-29;0200;0.00;-2.64;95.00;0.00;0.04;266.30
ZA01;Colinas de Trasmonte;2001-11-29;0230;0.00;-2.76;95.20;0.00;0.10;246.70
ZA01;Colinas de Trasmonte;2001-11-29;0300;0.00;-3.22;95.20;0.00;0.16;286.20
ZA01;Colinas de Trasmonte;2001-11-29;0330;0.00;-3.20;95.20;0.00;0.16;267.60
ZA01;Colinas de Trasmonte;2001-11-29;0400;0.00;-3.32;95.30;0.00;0.06;251.60
ZA01;Colinas de Trasmonte;2001-11-29;0430;0.00;-3.76;95.10;0.00;0.03;178.20
ZA01;Colinas de Trasmonte;2001-11-29;0500;0.00;-3.60;95.40;0.00;0.11;249.50
ZA01;Colinas de Trasmonte;2001-11-29;0530;0.00;-4.01;95.10;0.00;0.05;153.30
ZA01;Colinas de Trasmonte;2001-11-29;0600;0.00;-4.18;95.20;0.00;0.06;149.60
ZA01;Colinas de Trasmonte;2001-11-29;0630;0.00;-4.10;95.10;0.00;0.15;244.60
ZA01;Colinas de Trasmonte;2001-11-29;0700;0.00;-4.50;94.90;0.54;0.04;208.20
ZA01;Colinas de Trasmonte;2001-11-29;0730;0.00;-4.31;95.20;7.50;0.22;292.70
ZA01;Colinas de Trasmonte;2001-11-29;0800;0.00;-3.71;95.10;32.30;0.35;269.60
ZA01;Colinas de Trasmonte;2001-11-29;0830;0.00;-2.95;95.10;82.90;0.33;272.20
ZA01;Colinas de Trasmonte;2001-11-29;0900;0.00;-1.34;95.00;161.40;0.09;292.00
ZA01;Colinas de Trasmonte;2001-11-29;0930;0.00;0.56;93.90;275.00;0.27;240.40
ZA01;Colinas de Trasmonte;2001-11-29;1000;0.00;2.79;87.50;348.70;0.21;198.10
ZA01;Colinas de Trasmonte;2001-11-29;1030;0.00;5.07;78.40;396.70;0.30;144.30
ZA01;Colinas de Trasmonte;2001-11-29;1100;0.00;6.62;73.00;427.00;0.53;148.50
ZA01;Colinas de Trasmonte;2001-11-29;1130;0.00;7.31;72.20;443.90;1.05;161.00
ZA01;Colinas de Trasmonte;2001-11-29;1200;0.00;8.55;70.80;453.90;1.31;150.40
ZA01;Colinas de Trasmonte;2001-11-29;1230;0.00;9.62;66.49;446.70;1.36;159.80
ZA01;Colinas de Trasmonte;2001-11-29;1300;0.00;10.48;64.43;423.90;1.29;192.70
ZA01;Colinas de Trasmonte;2001-11-29;1330;0.00;10.39;64.80;384.10;1.77;173.60
ZA01;Colinas de Trasmonte;2001-11-29;1400;0.00;10.72;63.01;343.20;1.50;143.60
ZA01;Colinas de Trasmonte;2001-11-29;1430;0.00;11.19;62.31;289.30;1.66;144.20
ZA01;Colinas de Trasmonte;2001-11-29;1500;0.00;11.34;61.77;224.10;1.62;165.40
ZA01;Colinas de Trasmonte;2001-11-29;1530;0.00;11.19;62.83;148.20;1.20;159.50
ZA01;Colinas de Trasmonte;2001-11-29;1600;0.00;10.43;66.00;74.20;0.94;137.30
ZA01;Colinas de Trasmonte;2001-11-29;1630;0.00;9.18;69.60;14.34;0.80;121.30
ZA01;Colinas de Trasmonte;2001-11-29;1700;0.00;7.22;75.10;1.39;0.77;98.40
ZA01;Colinas de Trasmonte;2001-11-29;1730;0.00;5.36;80.10;0.00;0.67;94.80
ZA01;Colinas de Trasmonte;2001-11-29;1800;0.00;5.04;82.90;0.00;0.52;108.10
ZA01;Colinas de Trasmonte;2001-11-29;1830;0.00;3.75;85.10;0.00;0.17;327.40
ZA01;Colinas de Trasmonte;2001-11-29;1900;0.00;2.11;88.20;0.00;0.01;301.40
ZA01;Colinas de Trasmonte;2001-11-29;1930;0.00;1.20;90.30;0.00;0.02;205.10
ZA01;Colinas de Trasmonte;2001-11-29;2000;0.00;0.33;91.30;0.00;0.21;276.60
ZA01;Colinas de Trasmonte;2001-11-29;2030;0.00;0.18;92.80;0.00;0.26;270.30
ZA01;Colinas de Trasmonte;2001-11-29;2100;0.00;-0.34;93.10;0.00;0.04;153.20
ZA01;Colinas de Trasmonte;2001-11-29;2130;0.00;-1.02;93.40;0.00;0.01;168.60
ZA01;Colinas de Trasmonte;2001-11-29;2200;0.00;-1.25;93.90;0.00;0.08;200.80
ZA01;Colinas de Trasmonte;2001-11-29;2230;0.00;-1.53;94.40;0.00;0.26;252.70
ZA01;Colinas de Trasmonte;2001-11-29;2300;0.00;-1.49;94.70;0.00;0.21;276.40
ZA01;Colinas de Trasmonte;2001-11-29;2330;0.00;-2.03;94.70;0.00;0.10;156.60
ZA01;Colinas de Trasmonte;2001-11-29;2400;0.00;-2.20;94.90;0.00;0.41;135.60
ZA02;Villaralbo;2001-11-29;0030;;-1.28;91.30;0.00;0.07;181.30
ZA02;Villaralbo;2001-11-29;0100;;-1.21;92.90;0.00;0.32;197.10
ZA02;Villaralbo;2001-11-29;0130;;-0.89;94.20;0.00;0.67;162.20
ZA02;Villaralbo;2001-11-29;0200;;-1.01;94.20;0.00;0.32;138.90
ZA02;Villaralbo;2001-11-29;0230;;-1.99;94.00;0.00;0.11;162.30
ZA02;Villaralbo;2001-11-29;0300;;-2.17;95.40;0.00;0.01;199.40
ZA02;Villaralbo;2001-11-29;0330;;-2.55;95.50;0.00;0.08;44.62
ZA02;Villaralbo;2001-11-29;0400;;-2.15;96.20;0.00;0.27;150.10
ZA02;Villaralbo;2001-11-29;0430;;-1.38;96.10;0.00;0.70;173.60
ZA02;Villaralbo;2001-11-29;0500;;-1.90;96.20;0.00;0.72;169.80
ZA02;Villaralbo;2001-11-29;0530;;-1.66;96.20;0.00;0.61;167.80
ZA02;Villaralbo;2001-11-29;0600;;-3.20;95.70;0.00;0.11;27.61
ZA02;Villaralbo;2001-11-29;0630;;-3.92;96.50;0.00;0.34;68.80
ZA02;Villaralbo;2001-11-29;0700;;-3.64;96.80;0.37;0.32;81.00
ZA02;Villaralbo;2001-11-29;0730;;-3.39;96.90;10.47;0.41;76.40
ZA02;Villaralbo;2001-11-29;0800;;-2.98;96.60;75.10;0.33;32.30
ZA02;Villaralbo;2001-11-29;0830;;-1.71;96.50;161.20;0.54;17.21
ZA02;Villaralbo;2001-11-29;0900;;-0.23;95.40;237.30;0.61;41.14
ZA02;Villaralbo;2001-11-29;0930;;1.56;93.20;304.40;0.63;22.98
ZA02;Villaralbo;2001-11-29;1000;;2.80;89.30;358.80;0.73;321.40
ZA02;Villaralbo;2001-11-29;1030;;4.42;84.10;409.90;0.41;21.33
ZA02;Villaralbo;2001-11-29;1100;;6.20;76.00;447.00;0.53;248.80
ZA02;Villaralbo;2001-11-29;1130;;7.15;73.40;473.50;0.63;247.10
ZA02;Villaralbo;2001-11-29;1200;;8.60;68.30;483.10;0.52;147.40
ZA02;Villaralbo;2001-11-29;1230;;9.89;64.21;478.60;0.55;179.20
ZA02;Villaralbo;2001-11-29;1300;;10.71;61.37;460.20;0.70;202.80
ZA02;Villaralbo;2001-11-29;1330;;11.34;59.29;429.30;0.63;192.20
ZA02;Villaralbo;2001-11-29;1400;;11.61;59.72;383.50;0.70;243.00
ZA02;Villaralbo;2001-11-29;1430;;12.20;58.11;319.20;0.66;331.10
ZA02;Villaralbo;2001-11-29;1500;;12.59;56.27;254.70;0.46;314.90
ZA02;Villaralbo;2001-11-29;1530;;12.67;57.06;179.30;0.42;293.20
ZA02;Villaralbo;2001-11-29;1600;;12.60;56.81;99.70;0.21;331.10
ZA02;Villaralbo;2001-11-29;1630;;10.92;61.23;25.17;0.18;85.60
ZA02;Villaralbo;2001-11-29;1700;;8.83;68.72;2.13;0.59;97.70
ZA02;Villaralbo;2001-11-29;1730;;7.37;72.40;0.00;0.51;125.70
ZA02;Villaralbo;2001-11-29;1800;;6.11;78.30;0.00;0.68;149.90
ZA02;Villaralbo;2001-11-29;1830;;5.63;81.60;0.00;0.97;150.80
ZA02;Villaralbo;2001-11-29;1900;;5.42;81.00;0.00;1.33;172.10
ZA02;Villaralbo;2001-11-29;1930;;4.15;84.00;0.00;0.97;219.00
ZA02;Villaralbo;2001-11-29;2000;;3.52;88.30;0.00;0.63;224.50
ZA02;Villaralbo;2001-11-29;2030;;3.17;89.70;0.00;0.23;212.50
ZA02;Villaralbo;2001-11-29;2100;;2.08;91.10;0.00;0.30;69.00
ZA02;Villaralbo;2001-11-29;2130;;2.09;93.10;0.00;0.47;74.20
ZA02;Villaralbo;2001-11-29;2200;;1.89;93.80;0.00;0.04;104.60
ZA02;Villaralbo;2001-11-29;2230;;1.99;94.40;0.00;0.32;87.70
ZA02;Villaralbo;2001-11-29;2300;;2.19;94.50;0.00;0.37;110.80
ZA02;Villaralbo;2001-11-29;2330;;0.36;94.30;0.00;0.00;0.00
ZA02;Villaralbo;2001-11-29;2400;;-0.43;95.90;0.00;0.01;309.50
ZA04;Villalpando;2001-11-29;0030;0.00;-1.36;89.70;0.00;0.29;240.30
ZA04;Villalpando;2001-11-29;0100;0.00;-1.46;90.80;0.00;0.51;234.80
ZA04;Villalpando;2001-11-29;0130;0.00;-1.53;91.50;0.00;0.15;73.70
ZA04;Villalpando;2001-11-29;0200;0.00;-1.87;92.00;0.00;0.65;358.00
ZA04;Villalpando;2001-11-29;0230;0.00;-2.25;92.10;0.00;0.50;43.64
ZA04;Villalpando;2001-11-29;0300;0.00;-3.23;91.70;0.00;0.30;119.00
ZA04;Villalpando;2001-11-29;0330;0.00;-3.62;91.60;0.00;0.18;15.23
ZA04;Villalpando;2001-11-29;0400;0.00;-3.89;91.00;0.00;0.28;262.70
ZA04;Villalpando;2001-11-29;0430;0.00;-3.58;93.20;0.00;0.36;332.30
ZA04;Villalpando;2001-11-29;0500;0.00;-3.67;93.90;0.00;0.21;83.10
ZA04;Villalpando;2001-11-29;0530;0.00;-3.94;94.10;0.00;0.35;86.30
ZA04;Villalpando;2001-11-29;0600;0.00;-4.09;94.60;0.00;0.26;80.10
ZA04;Villalpando;2001-11-29;0630;0.00;-3.96;94.60;0.00;0.51;86.00
ZA04;Villalpando;2001-11-29;0700;0.00;-3.40;94.80;0.60;0.65;56.27
ZA04;Villalpando;2001-11-29;0730;0.00;-3.02;94.70;6.26;0.91;21.17
ZA04;Villalpando;2001-11-29;0800;0.00;-3.16;94.70;30.48;0.90;29.43
ZA04;Villalpando;2001-11-29;0830;0.00;-2.87;94.80;73.10;0.83;64.01
ZA04;Villalpando;2001-11-29;0900;0.00;-2.42;95.00;111.00;0.70;85.90
ZA04;Villalpando;2001-11-29;0930;0.00;-1.46;95.20;148.30;0.54;90.00
ZA04;Villalpando;2001-11-29;1000;0.20;-0.81;95.40;196.70;0.39;73.90
ZA04;Villalpando;2001-11-29;1030;0.00;-0.10;95.30;203.40;0.51;109.80
ZA04;Villalpando;2001-11-29;1100;0.00;1.03;95.40;239.80;0.45;99.50
ZA04;Villalpando;2001-11-29;1130;0.00;2.17;95.20;343.30;0.53;127.70
ZA04;Villalpando;2001-11-29;1200;0.00;4.12;94.00;446.70;0.83;134.10
ZA04;Villalpando;2001-11-29;1230;0.00;5.91;87.20;445.90;0.61;147.80
ZA04;Villalpando;2001-11-29;1300;0.00;8.06;75.10;428.60;0.50;59.61
ZA04;Villalpando;2001-11-29;1330;0.00;9.50;67.46;387.40;0.81;178.70
ZA04;Villalpando;2001-11-29;1400;0.00;10.51;63.65;346.00;1.27;196.00
ZA04;Villalpando;2001-11-29;1430;0.00;10.55;62.21;292.30;1.50;227.90
ZA04;Villalpando;2001-11-29;1500;0.00;11.08;60.18;233.30;1.82;222.50
ZA04;Villalpando;2001-11-29;1530;0.00;10.86;60.69;159.10;2.09;236.60
ZA04;Villalpando;2001-11-29;1600;0.00;10.54;61.70;82.90;1.61;234.10
ZA04;Villalpando;2001-11-29;1630;0.00;9.22;65.37;17.85;0.61;238.80
ZA04;Villalpando;2001-11-29;1700;0.00;7.27;71.20;1.47;0.23;255.00
ZA04;Villalpando;2001-11-29;1730;0.00;6.01;75.90;0.00;0.29;79.20
ZA04;Villalpando;2001-11-29;1800;0.00;3.78;78.60;0.00;0.54;75.20
ZA04;Villalpando;2001-11-29;1830;0.00;2.89;80.70;0.00;0.55;70.80
ZA04;Villalpando;2001-11-29;1900;0.00;2.35;81.80;0.00;0.02;58.40
ZA04;Villalpando;2001-11-29;1930;0.00;1.60;83.40;0.00;0.45;61.14
ZA04;Villalpando;2001-11-29;2000;0.00;1.29;83.10;0.00;0.49;63.49
ZA04;Villalpando;2001-11-29;2030;0.00;1.20;84.70;0.00;0.55;66.35
ZA04;Villalpando;2001-11-29;2100;0.00;0.16;84.20;0.00;0.41;56.74
ZA04;Villalpando;2001-11-29;2130;0.00;-0.28;85.60;0.00;0.35;22.83
ZA04;Villalpando;2001-11-29;2200;0.00;-0.11;86.20;0.00;0.12;79.70
ZA04;Villalpando;2001-11-29;2230;0.00;-1.36;87.30;0.00;0.00;211.80
ZA04;Villalpando;2001-11-29;2300;0.00;-1.37;88.60;0.00;0.30;16.02
ZA04;Villalpando;2001-11-29;2330;0.00;-1.47;88.10;0.00;0.09;331.50
ZA04;Villalpando;2001-11-29;2400;0.00;-1.80;88.50;0.00;0.24;11.83
ZA05;Pozuelo de Tábara;2001-11-29;0030;0.00;-2.19;92.60;0.00;0.09;235.10
ZA05;Pozuelo de Tábara;2001-11-29;0100;0.00;-2.44;93.00;0.00;0.42;233.30
ZA05;Pozuelo de Tábara;2001-11-29;0130;0.00;-2.54;93.10;0.00;0.23;257.50
ZA05;Pozuelo de Tábara;2001-11-29;0200;0.00;-2.26;93.20;0.00;0.08;235.00
ZA05;Pozuelo de Tábara;2001-11-29;0230;0.00;-2.33;93.50;0.00;0.11;119.10
ZA05;Pozuelo de Tábara;2001-11-29;0300;0.00;-2.64;93.70;0.00;0.21;189.40
ZA05;Pozuelo de Tábara;2001-11-29;0330;0.00;-3.12;93.50;0.00;0.05;264.50
ZA05;Pozuelo de Tábara;2001-11-29;0400;0.00;-3.17;94.00;0.00;0.24;250.80
ZA05;Pozuelo de Tábara;2001-11-29;0430;0.00;-3.41;93.90;0.00;0.36;270.30
ZA05;Pozuelo de Tábara;2001-11-29;0500;0.00;-3.12;94.00;0.00;0.30;266.90
ZA05;Pozuelo de Tábara;2001-11-29;0530;0.00;-2.93;94.10;0.00;0.03;266.30
ZA05;Pozuelo de Tábara;2001-11-29;0600;0.00;-3.65;93.90;0.00;0.16;249.60
ZA05;Pozuelo de Tábara;2001-11-29;0630;0.00;-3.50;94.00;0.00;0.20;109.90
ZA05;Pozuelo de Tábara;2001-11-29;0700;0.00;-4.18;93.70;0.85;0.15;221.30
ZA05;Pozuelo de Tábara;2001-11-29;0730;0.00;-4.55;93.90;13.16;0.22;219.90
ZA05;Pozuelo de Tábara;2001-11-29;0800;0.00;-3.70;94.30;67.91;0.11;288.80
ZA05;Pozuelo de Tábara;2001-11-29;0830;0.00;-0.68;93.80;171.00;0.49;93.80
ZA05;Pozuelo de Tábara;2001-11-29;0900;0.00;-0.35;92.50;205.30;1.06;122.50
ZA05;Pozuelo de Tábara;2001-11-29;0930;0.20;1.69;91.80;280.50;0.59;131.30
ZA05;Pozuelo de Tábara;2001-11-29;1000;0.00;3.47;88.20;352.40;0.86;127.00
ZA05;Pozuelo de Tábara;2001-11-29;1030;0.00;4.82;85.20;409.80;1.07;103.10
ZA05;Pozuelo de Tábara;2001-11-29;1100;0.00;5.98;80.00;450.50;1.42;98.60
ZA05;Pozuelo de Tábara;2001-11-29;1130;0.00;6.88;77.10;465.00;1.78;90.40
ZA05;Pozuelo de Tábara;2001-11-29;1200;0.00;7.97;73.50;470.90;2.05;115.80
ZA05;Pozuelo de Tábara;2001-11-29;1230;0.00;9.47;68.69;465.60;2.00;148.00
ZA05;Pozuelo de Tábara;2001-11-29;1300;0.00;10.52;65.70;452.10;1.83;175.60
ZA05;Pozuelo de Tábara;2001-11-29;1330;0.00;11.40;63.18;423.90;1.85;207.30
ZA05;Pozuelo de Tábara;2001-11-29;1400;0.00;11.71;61.82;362.00;2.09;203.80
ZA05;Pozuelo de Tábara;2001-11-29;1430;0.00;11.91;61.60;312.00;1.90;208.70
ZA05;Pozuelo de Tábara;2001-11-29;1500;0.00;11.95;61.50;240.70;1.57;195.80
ZA05;Pozuelo de Tábara;2001-11-29;1530;0.00;11.84;61.86;161.80;1.43;182.40
ZA05;Pozuelo de Tábara;2001-11-29;1600;0.00;11.48;63.24;83.30;1.10;177.10
ZA05;Pozuelo de Tábara;2001-11-29;1630;0.00;8.90;69.34;12.43;0.67;235.00
ZA05;Pozuelo de Tábara;2001-11-29;1700;0.00;6.02;78.50;1.57;0.93;232.30
ZA05;Pozuelo de Tábara;2001-11-29;1730;0.00;5.13;82.50;0.00;0.73;240.50
ZA05;Pozuelo de Tábara;2001-11-29;1800;0.00;5.49;83.70;0.00;0.99;334.50
ZA05;Pozuelo de Tábara;2001-11-29;1830;0.00;5.82;82.50;0.00;0.50;324.60
ZA05;Pozuelo de Tábara;2001-11-29;1900;0.00;4.86;84.10;0.00;0.84;87.00
ZA05;Pozuelo de Tábara;2001-11-29;1930;0.00;3.65;87.00;0.00;0.56;221.80
ZA05;Pozuelo de Tábara;2001-11-29;2000;0.00;2.33;88.40;0.00;0.71;244.20
ZA05;Pozuelo de Tábara;2001-11-29;2030;0.00;1.75;89.40;0.00;0.22;261.60
ZA05;Pozuelo de Tábara;2001-11-29;2100;0.00;1.22;90.80;0.00;0.46;217.90
ZA05;Pozuelo de Tábara;2001-11-29;2130;0.00;0.23;91.30;0.00;0.17;212.90
ZA05;Pozuelo de Tábara;2001-11-29;2200;0.00;0.29;92.30;0.00;0.20;239.40
ZA05;Pozuelo de Tábara;2001-11-29;2230;0.00;-0.65;91.90;0.00;0.29;268.70
ZA05;Pozuelo de Tábara;2001-11-29;2300;0.00;-0.51;93.00;0.00;0.37;126.60
ZA05;Pozuelo de Tábara;2001-11-29;2330;0.00;-1.64;92.70;0.00;0.15;220.60
ZA05;Pozuelo de Tábara;2001-11-29;2400;0.00;-1.84;93.40;0.00;0.46;238.90
ZA06;Barcial del Barco;2001-11-29;0030;0.00;-3.87;96.80;0.00;0.00;0.00
ZA06;Barcial del Barco;2001-11-29;0100;0.00;-2.95;98.00;0.00;0.05;186.60
ZA06;Barcial del Barco;2001-11-29;0130;0.00;-3.05;97.00;0.00;0.00;0.00
ZA06;Barcial del Barco;2001-11-29;0200;0.00;-3.44;97.80;0.00;0.02;191.20
ZA06;Barcial del Barco;2001-11-29;0230;0.00;-3.84;97.30;0.00;0.00;0.00
ZA06;Barcial del Barco;2001-11-29;0300;0.00;-3.40;98.30;0.00;0.14;65.19
ZA06;Barcial del Barco;2001-11-29;0330;0.00;-3.82;97.40;0.00;0.08;56.23
ZA06;Barcial del Barco;2001-11-29;0400;0.00;-4.04;97.90;0.00;0.05;56.23
ZA06;Barcial del Barco;2001-11-29;0430;0.00;-4.20;97.40;0.00;0.02;56.20
ZA06;Barcial del Barco;2001-11-29;0500;0.00;-4.40;97.60;0.00;0.00;0.00
ZA06;Barcial del Barco;2001-11-29;0530;0.00;-4.49;97.80;0.00;0.09;56.26
ZA06;Barcial del Barco;2001-11-29;0600;0.00;-4.64;97.50;0.00;0.00;0.00
ZA06;Barcial del Barco;2001-11-29;0630;0.00;-5.00;97.30;0.00;0.00;56.41
ZA06;Barcial del Barco;2001-11-29;0700;0.00;-4.87;97.70;0.00;0.08;56.40
ZA06;Barcial del Barco;2001-11-29;0730;0.00;-4.93;97.40;0.39;0.03;56.37
ZA06;Barcial del Barco;2001-11-29;0800;0.00;-4.36;98.10;6.60;0.34;59.73
ZA06;Barcial del Barco;2001-11-29;0830;0.00;-3.61;97.90;30.19;0.01;51.86
ZA06;Barcial del Barco;2001-11-29;0900;0.00;-2.50;98.20;68.62;0.02;345.20
ZA06;Barcial del Barco;2001-11-29;0930;0.00;-0.94;98.30;93.70;0.37;46.75
ZA06;Barcial del Barco;2001-11-29;1000;0.00;0.15;98.30;149.30;0.30;51.41
ZA06;Barcial del Barco;2001-11-29;1030;0.00;1.36;98.20;236.50;0.32;165.30
ZA06;Barcial del Barco;2001-11-29;1100;0.00;2.65;94.80;316.80;0.61;222.00
ZA06;Barcial del Barco;2001-11-29;1130;0.00;4.57;86.30;397.70;0.42;230.90
ZA06;Barcial del Barco;2001-11-29;1200;0.00;6.71;76.50;441.30;0.44;115.40
ZA06;Barcial del Barco;2001-11-29;1230;0.00;8.43;69.87;463.00;0.80;219.90
ZA06;Barcial del Barco;2001-11-29;1300;0.00;9.35;66.46;461.20;1.21;238.90
ZA06;Barcial del Barco;2001-11-29;1330;0.00;9.59;66.04;441.40;1.25;234.80
ZA06;Barcial del Barco;2001-11-29;1400;0.00;9.87;66.71;390.70;1.67;227.90
ZA06;Barcial del Barco;2001-11-29;1430;0.00;10.12;66.34;348.50;1.57;234.50
ZA06;Barcial del Barco;2001-11-29;1500;0.00;10.56;64.64;294.70;1.36;238.80
ZA06;Barcial del Barco;2001-11-29;1530;0.00;10.62;64.92;227.90;1.44;241.90
ZA06;Barcial del Barco;2001-11-29;1600;0.00;10.47;66.11;149.40;1.11;236.80
ZA06;Barcial del Barco;2001-11-29;1630;0.00;10.02;67.61;67.04;0.89;229.40
ZA06;Barcial del Barco;2001-11-29;1700;0.00;8.69;72.20;17.18;0.63;201.80
ZA06;Barcial del Barco;2001-11-29;1730;0.00;7.41;77.00;1.34;0.58;166.70
ZA06;Barcial del Barco;2001-11-29;1800;0.00;5.53;77.50;0.00;0.10;125.10
ZA06;Barcial del Barco;2001-11-29;1830;0.00;1.79;87.10;0.00;0.11;42.80
ZA06;Barcial del Barco;2001-11-29;1900;0.00;0.77;92.50;0.00;0.05;51.58
ZA06;Barcial del Barco;2001-11-29;1930;0.00;-0.48;93.50;0.00;0.00;52.29
ZA06;Barcial del Barco;2001-11-29;2000;0.00;-0.59;95.20;0.00;0.12;52.37
ZA06;Barcial del Barco;2001-11-29;2030;0.00;-1.72;95.30;0.00;0.00;0.00
ZA06;Barcial del Barco;2001-11-29;2100;0.00;-2.23;96.10;0.00;0.00;52.47
ZA06;Barcial del Barco;2001-11-29;2130;0.00;-2.31;96.80;0.00;0.05;52.52
ZA06;Barcial del Barco;2001-11-29;2200;0.00;-2.65;96.90;0.00;0.00;0.00
ZA06;Barcial del Barco;2001-11-29;2230;0.00;-2.96;97.30;0.00;0.00;0.00
ZA06;Barcial del Barco;2001-11-29;2300;0.00;-2.84;97.60;0.00;0.01;52.50
ZA06;Barcial del Barco;2001-11-29;2330;0.00;-3.07;97.70;0.00;0.00;0.00
ZA06;Barcial del Barco;2001-11-29;2400;0.00;-2.85;97.90;0.00;0.06;64.97
